1	-46.8000787167	46.8136293077	-40.7074127293
1.01157945426	-46.7515830369	46.7653237049	-41.0321623514
1.02329299228	-46.718172821	46.7322098987	-41.1096726606
1.03514216668	-46.6776622625	46.6917481143	-41.5842767718
1.04712854805	-46.6246678775	46.638330861	-41.8986125996
1.05925372518	-46.5830843456	46.5967635507	-42.1400879157
1.07151930524	-46.5953958599	46.6089870125	-42.6565633433
1.08392691402	-46.437276492	46.4511468919	-42.8551116953
1.09647819614	-46.441364418	46.454964866	-43.0538971849
1.10917481526	-46.4083815677	46.4219241723	-43.4336141275
1.1220184543	-46.3528934463	46.3667444005	-43.9088614549
1.13501081567	-46.327808527	46.3417249067	-44.1908881912
1.1481536215	-46.2508480333	46.2646807226	-44.5367543297
1.16144861384	-46.2076009429	46.2215063629	-45.061626809
1.17489755494	-46.1287448995	46.1424533981	-45.2861959741
1.18850222744	-46.0984721999	46.1121482708	-45.5864307663
1.20226443462	-46.0411421716	46.0547630573	-45.7497152904
1.21618600065	-45.9969301933	46.0107319992	-45.9986757398
1.23026877081	-45.9503122403	45.9641139744	-46.4398004518
1.24451461177	-45.9195910821	45.9334041197	-46.7894435899
1.25892541179	-45.8698216547	45.883568556	-47.2124973125
1.27350308102	-45.7918243419	45.8057443912	-47.527892312
1.28824955169	-45.7397402537	45.7536855591	-47.7662486449
1.30316677845	-45.6851172446	45.698772357	-48.1870719033
1.31825673856	-45.6092646101	45.6228668869	-48.4949390359
1.33352143216	-45.5461475908	45.5597048497	-48.8730935486
1.34896288259	-45.4823731263	45.4959370146	-49.1345043155
1.36458313659	-45.4164806381	45.4300114841	-49.2211499344
1.3803842646	-45.3977850341	45.4112609532	-49.8600057366
1.39636836106	-45.3346173712	45.3485671215	-49.9998819287
1.41253754462	-45.2571350156	45.2708712237	-50.3588575106
1.42889395851	-45.2242889906	45.2381098984	-50.8375872338
1.44543977075	-45.120806016	45.1346654855	-51.0913782223
1.46217717446	-45.073386502	45.08727871	-51.3612954163
1.47910838817	-45.0459434881	45.0596520537	-51.6347918623
1.49623565609	-44.9490629427	44.9627617459	-51.9724988923
1.51356124844	-44.9014728041	44.9152786604	-52.2675288348
1.53108746168	-44.8276568042	44.8413756729	-52.6099049422
1.54881661891	-44.7528039248	44.7664632155	-53.0374766601
1.56675107011	-44.7036482575	44.7173258088	-53.2624326014
1.58489319246	-44.6432975738	44.6569498568	-53.4966872403
1.60324539069	-44.5804748896	44.5939688977	-53.7942169416
1.62181009736	-44.4884986947	44.5029994733	-54.1212398916
1.6405897732	-44.4449241072	44.4587056856	-54.5474126482
1.65958690744	-44.3460125164	44.3598386996	-54.8423340675
1.67880401812	-44.2989447993	44.3128134996	-54.9774225613
1.69824365246	-44.2490927206	44.2628076413	-55.4615242745
1.71790838716	-44.1842390214	44.1979875712	-55.8104549947
1.73780082875	-44.0936130002	44.1073492749	-56.0204884309
1.75792361396	-44.0227493596	44.0364100486	-56.3386322709
1.77827941004	-43.9399328624	43.9535050179	-56.5741875376
1.79887091513	-43.8729761989	43.8867426929	-56.8429203834
1.81970085861	-43.8344635556	43.8481637351	-57.0827050521
1.84077200147	-43.751168153	43.7648234082	-57.4456385722
1.86208713666	-43.6492511297	43.6629947552	-57.8084168643
1.88364908949	-43.5696449792	43.5834754109	-58.1443824076
1.90546071796	-43.519220985	43.5331065095	-58.4196037287
1.92752491319	-43.4412843471	43.4549489132	-58.4957641348
1.94984459976	-43.3928422272	43.4065877516	-59.0055586846
1.97242273611	-43.2772630563	43.2909240461	-59.1328407362
1.99526231497	-43.1887400741	43.2024286791	-59.4184758999
2.01836636368	-43.1397384826	43.1536274055	-59.7353128662
2.04173794467	-43.0608430767	43.0746777452	-60.1210857034
2.06538015581	-43.0001955711	43.0140779963	-60.2574544418
2.08929613085	-42.9150347485	42.9288279646	-60.5564198159
2.11348903984	-42.8597221877	42.8734855932	-60.8873463684
2.1379620895	-42.7469510266	42.7607293769	-61.1334018094
2.16271852373	-42.6903071526	42.7041707345	-61.3850361473
2.18776162395	-42.6263945326	42.6403256318	-61.6476982804
2.21309470961	-42.5201454749	42.5338932581	-61.8567758651
2.23872113857	-42.4429823649	42.4569574922	-62.1621669032
2.26464430759	-42.385380082	42.3990466756	-62.4262226131
2.29086765277	-42.2879482601	42.3015573778	-62.7119068359
2.31739464997	-42.2141941066	42.2277553532	-63.0181936204
2.34422881532	-42.1352229928	42.1487795159	-63.3044047228
2.37137370566	-42.0685837215	42.0824558374	-63.5787452677
2.39883291902	-41.9555927618	41.969344929	-63.8242773473
2.42661009508	-41.8895959999	41.9034867034	-64.0494259559
2.45470891569	-41.7947305915	41.808446851	-64.217442579
2.4831331053	-41.7343638137	41.7483838584	-64.6169219344
2.51188643151	-41.6444710245	41.6583140452	-64.7404547204
2.54097270555	-41.5570632104	41.5709839323	-64.9124983736
2.57039578277	-41.4893223017	41.5032544787	-65.2787498234
2.60015956317	-41.3912451936	41.4050664795	-65.4554008412
2.6302679919	-41.3084591737	41.3224430074	-65.8055157037
2.6607250598	-41.2275321808	41.2413924685	-66.1082080932
2.69153480393	-41.1420630769	41.1557979693	-66.3120087621
2.72270130808	-41.0634976313	41.0772550121	-66.3844200672
2.75422870334	-40.9806111549	40.9943194812	-66.579528329
2.78612116863	-40.901239442	40.9152486004	-66.9217898673
2.81838293126	-40.8219710582	40.8360296753	-67.1125621
2.8510182675	-40.7320426938	40.7459695383	-67.4190684065
2.88403150313	-40.6454271066	40.6593883264	-67.6254844038
2.917427014	-40.5670547647	40.5809181373	-67.8182078696
2.95120922667	-40.4575153948	40.4714386352	-68.0859825689
2.98538261892	-40.386092055	40.3998614939	-68.1789233835
3.0199517204	-40.3197970558	40.333790795	-68.4303767483
3.05492111322	-40.2260437316	40.2398784398	-68.731384294
3.09029543251	-40.1239479746	40.1380133575	-68.8505887774
3.12607936712	-40.0626286799	40.0765531506	-69.1243555883
3.16227766017	-39.9660692976	39.9800550568	-69.3511700405
3.19889510969	-39.8849624521	39.8987569439	-69.5560617497
3.2359365693	-39.7990521211	39.8126446125	-69.7014635805
3.27340694879	-39.698527089	39.7123269879	-69.9274067231
3.31131121483	-39.6134516595	39.6271605116	-70.0594619468
3.34965439158	-39.5453634276	39.5592227974	-70.2866255928
3.38844156139	-39.4544435426	39.4683750646	-70.4123309339
3.42767786546	-39.3492603368	39.3630734861	-70.6506575545
3.46736850453	-39.2752642692	39.2890376368	-70.8584228695
3.50751873953	-39.1907406091	39.2046502819	-71.06460404
3.54813389234	-39.1045134548	39.1182870621	-71.2592434966
3.58921934645	-39.0074703233	39.0212845155	-71.544543636
3.6307805477	-38.9251090623	38.9389422276	-71.6616929546
3.67282300498	-38.8340338045	38.8474543068	-71.8735127871
3.71535229097	-38.7628452458	38.7764031141	-71.9575387565
3.75837404288	-38.6557199346	38.6694011366	-72.1119256603
3.80189396321	-38.5687354977	38.5824646171	-72.3477528469
3.84591782045	-38.475173945	38.4887646254	-72.4775326533
3.89045144994	-38.3844009327	38.3981845608	-72.7885267245
3.93550075456	-38.2907723346	38.3046337084	-72.8153026426
3.98107170553	-38.2199907588	38.2342700696	-73.1285965344
4.02717034325	-38.1208101245	38.1347088675	-73.2435152151
4.07380277804	-38.0377177014	38.0518197121	-73.3955297028
4.12097519097	-37.9258227491	37.9397049378	-73.5154524044
4.1686938347	-37.846406142	37.8604391756	-73.7684225224
4.21696503429	-37.7633523309	37.7773934378	-73.9057464647
4.26579518802	-37.6723900647	37.6860877403	-73.9929996209
4.31519076828	-37.5572457917	37.5710155886	-74.173608518
4.3651583224	-37.4739118158	37.4877879414	-74.3401149345
4.41570447353	-37.3886094616	37.4025062526	-74.5733671557
4.46683592151	-37.2919271103	37.3057923686	-74.6634767928
4.51855944375	-37.1987490637	37.2126376822	-74.8460047112
4.57088189615	-37.1045252784	37.1184092814	-74.9776277685
4.62381021399	-37.0141618627	37.0280628796	-75.073913972
4.67735141287	-36.9277475631	36.941655507	-75.2857561473
4.73151258961	-36.8259214268	36.8396703576	-75.3292494542
4.78630092323	-36.7315973659	36.7452855077	-75.5141057807
4.84172367584	-36.6366349362	36.650526033	-75.64388542
4.89778819368	-36.5385021921	36.5521549389	-75.7730327729
4.95450190805	-36.4537184951	36.4673060673	-75.9300079267
5.01187233627	-36.3559533159	36.3699516069	-76.1067693297
5.06990708275	-36.2578324149	36.2717867035	-76.2082913639
5.12861383991	-36.1582374042	36.1724495517	-76.3265543522
5.18800038929	-36.0726182158	36.0866111209	-76.4604530073
5.2480746025	-35.9647990625	35.9787154428	-76.6422635824
5.30884444231	-35.8782649523	35.8922529254	-76.7916268843
5.3703179637	-35.7728186338	35.7863539685	-76.8935875272
5.43250331492	-35.6833267076	35.6968941372	-76.9557604128
5.49540873858	-35.5890959715	35.6027934949	-77.0833990095
5.5590425727	-35.4915251579	35.5052615408	-77.2580699802
5.6234132519	-35.3896498557	35.4036731369	-77.3262330818
5.68852930844	-35.2955643734	35.3096987026	-77.4872216179
5.75439937337	-35.1913619938	35.2061470487	-77.5797837556
5.82103217771	-35.097579365	35.112409079	-77.6585392007
5.88843655356	-35.0016094744	35.0159840055	-77.7490468866
5.95662143529	-34.9209686201	34.9353278609	-77.9141836781
6.02559586074	-34.8111983682	34.8257949801	-77.9785892868
6.0953689724	-34.7192602696	34.7335146821	-78.0956601322
6.16595001861	-34.6137689928	34.6282359116	-78.2006924248
6.23734835482	-34.5233679724	34.5376157896	-78.3542931285
6.3095734448	-34.4239482311	34.4384033274	-78.4052113586
6.38263486191	-34.3179900755	34.3321877959	-78.5489306758
6.45654229035	-34.2212142713	34.2356790846	-78.612859977
6.53130552647	-34.132140335	34.1465821649	-78.74222048
6.60693448008	-34.0238213185	34.0381188234	-78.8488513685
6.68343917569	-33.9328595108	33.9470791696	-78.8826964969
6.76082975392	-33.8309808356	33.8454350215	-79.0248408199
6.83911647281	-33.7309685426	33.7452860662	-79.110432484
6.91830970919	-33.6434434377	33.6578150445	-79.2162922022
6.99841996002	-33.5369145726	33.5512127182	-79.3522510533
7.07945784384	-33.4474596565	33.4616733869	-79.4097790521
7.16143410213	-33.3501428458	33.3643726522	-79.5238484797
7.24435960075	-33.2502029038	33.2646840901	-79.5889139442
7.32824533139	-33.1454692778	33.1594766087	-79.6919164228
7.41310241301	-33.0574795176	33.0717061593	-79.771921962
7.49894209332	-32.9535919279	32.9679883061	-79.8613220967
7.58577575029	-32.8576125658	32.8717275778	-79.9222459951
7.67361489362	-32.7554491513	32.769596333	-80.0329511885
7.76247116629	-32.6609054453	32.6751553487	-80.103861103
7.8523563461	-32.5686238368	32.5829174722	-80.2051570145
7.94328234724	-32.4685775939	32.4827325958	-80.2685467137
8.03526122186	-32.3629726118	32.3770743978	-80.3567819192
8.12830516164	-32.2739888998	32.288094577	-80.4299980154
8.22242649947	-32.1685985862	32.1825518546	-80.4791789118
8.31763771103	-32.072222931	32.086187432	-80.5935704626
8.41395141645	-31.9722893186	31.9867316781	-80.6630020762
8.51138038202	-31.8716514007	31.8860369185	-80.7177142109
8.60993752185	-31.7722117444	31.7863684467	-80.8138782179
8.70963589956	-31.6704482337	31.6846759401	-80.8690274587
8.81048873008	-31.5794920519	31.59358143	-80.9475283694
8.91250938134	-31.4733230331	31.4877160623	-80.9900988931
9.01571137606	-31.3751751321	31.3893754553	-81.0455883725
9.12010839356	-31.277591399	31.2918957463	-81.1190982116
9.22571427155	-31.1809556728	31.1951409895	-81.1697183711
9.33254300797	-31.085628326	31.0997432597	-81.2688485687
9.44060876286	-30.9778561322	30.9920557729	-81.3467709519
9.54992586021	-30.8789680387	30.8931071694	-81.3639167166
9.6605087899	-30.778859642	30.7931685765	-81.4594203612
9.77237220956	-30.681595716	30.6956881813	-81.4748540066
9.88553094657	-30.5823845579	30.5964507863	-81.5522609849
10	-30.4837163139	30.4976558519	-81.580061228
10.1157945426	-30.3843250471	30.3983023666	-81.6782184836
10.2329299228	-30.2860848161	30.3002919949	-81.7281584456
10.3514216668	-30.1910464459	30.205040852	-81.7721838223
10.4712854805	-30.0859983575	30.1000105759	-81.8017566471
10.5925372518	-29.9898475296	30.0039202568	-81.8746762739
10.7151930524	-29.8919654467	29.9061098958	-81.9384447521
10.8392691402	-29.7897790121	29.8038213703	-81.9754022385
10.9647819614	-29.6985439488	29.7126595445	-82.0280194833
11.0917481526	-29.5945911722	29.608879576	-82.0809639907
11.220184543	-29.5047621352	29.5187176597	-82.1406002858
11.3501081567	-29.4020115716	29.4160886944	-82.145913217
11.481536215	-29.3052146057	29.3193389421	-82.219921054
11.6144861384	-29.205309432	29.2194828971	-82.2338243536
11.7489755494	-29.1106885922	29.1248822501	-82.2902194674
11.8850222744	-29.0125386197	29.0265840463	-82.3344302497
12.0226443462	-28.9161591501	28.9300617364	-82.3739058963
12.1618600065	-28.8143851281	28.8283856754	-82.3962215682
12.3026877081	-28.7171697386	28.7309872064	-82.4724203404
12.4451461177	-28.6211740359	28.6350740999	-82.4708080442
12.5892541179	-28.5248586806	28.5387438012	-82.5293808296
12.7350308102	-28.422131323	28.4359093111	-82.5792389247
12.8824955169	-28.3260780455	28.339996227	-82.599356138
13.0316677845	-28.2268795706	28.2408789192	-82.6217577512
13.1825673856	-28.1236279782	28.1374817593	-82.6801684886
13.3352143216	-28.0286069828	28.0426081013	-82.6924943861
13.4896288259	-27.9280390362	27.9420184979	-82.712595741
13.6458313659	-27.8283526723	27.8422659355	-82.7426925622
13.803842646	-27.7272807673	27.741372142	-82.795332809
13.9636836106	-27.6292737267	27.6433003292	-82.8205850031
14.1253754462	-27.5305791124	27.5446774813	-82.8546716241
14.2889395851	-27.4327281705	27.4467911844	-82.8720101952
14.4543977075	-27.3329646821	27.3469895443	-82.8801854544
14.6217717446	-27.230606145	27.2445523148	-82.9166052484
14.7910838817	-27.1359319376	27.1499154488	-82.9507849194
14.9623565609	-27.0331876229	27.0472851514	-82.9712181934
15.1356124844	-26.9356426229	26.9497219859	-82.9586838811
15.3108746168	-26.8340430354	26.8480401606	-83.0230746144
15.4881661891	-26.73499198	26.7488792901	-83.0184579399
15.6675107011	-26.6388279621	26.6529896035	-83.0319770049
15.8489319246	-26.539836079	26.5537331128	-83.0263667187
16.0324539069	-26.437661352	26.4515337449	-83.0696999919
16.2181009736	-26.3359485747	26.3499202101	-83.0855086104
16.405897732	-26.2369247508	26.2507968478	-83.1001527833
16.5958690744	-26.1347514205	26.1484690297	-83.0973265105
16.7880401812	-26.0399265905	26.0539388225	-83.1163337787
16.9824365246	-25.9379435119	25.9516294026	-83.1493034328
17.1790838716	-25.8391997913	25.8531191573	-83.1601121283
17.3780082875	-25.7411936913	25.7552817762	-83.1483369218
17.5792361396	-25.6392232898	25.6531846014	-83.1728641522
17.7827941004	-25.5437678327	25.5577592869	-83.1828046741
17.9887091513	-25.442662584	25.4566980092	-83.1760090368
18.1970085861	-25.3448155864	25.3607964227	-83.1937125411
18.4077200147	-25.2453282081	25.2591557167	-83.2063605143
18.6208713666	-25.1475887742	25.1613777075	-83.1943695305
18.8364908949	-25.0518037105	25.065594445	-83.1936697864
19.0546071796	-24.9533005487	24.9674117718	-83.2190329713
19.2752491319	-24.8542186284	24.8681877611	-83.2245871233
19.4984459976	-24.7557121766	24.7698070556	-83.232053339
19.7242273611	-24.6576875173	24.6714614433	-83.2025421894
19.9526231497	-24.5606762195	24.5746457494	-83.2094106638
20.1836636368	-24.4563539756	24.4701837921	-83.2125846589
20.4173794467	-24.3549401918	24.3689840035	-83.2190023402
20.6538015581	-24.2574687393	24.2718038936	-83.2207424963
20.8929613085	-24.156984608	24.1710576941	-83.2036384487
21.1348903984	-24.0572519522	24.0709321381	-83.2014241734
21.379620895	-23.9570485742	23.9710256698	-83.1957737297
21.6271852373	-23.8569760497	23.8707053101	-83.1983534272
21.8776162395	-23.7575246193	23.7713782254	-83.1952075453
22.1309470961	-23.6583363333	23.6723325242	-83.1705933891
22.3872113857	-23.5569560531	23.5708026369	-83.1739613601
22.6464430759	-23.4577397501	23.4714890661	-83.1626609776
22.9086765277	-23.356983048	23.3709046663	-83.1377876735
23.1739464997	-23.2586414172	23.2724307664	-83.1203311253
23.4422881532	-23.1584071383	23.1722801525	-83.1164454124
23.7137370566	-23.0567107547	23.070694371	-83.1010236682
23.9883291902	-22.9576752974	22.9715373423	-83.0839553396
24.2661009508	-22.8564201079	22.8704615332	-83.0785188193
24.5470891569	-22.7577875839	22.7718548358	-83.0603157023
24.831331053	-22.6569931848	22.671047342	-83.0517119641
25.1188643151	-22.5560612379	22.5699819905	-83.0317784135
25.4097270555	-22.458495928	22.4725267335	-83.0200471293
25.7039578277	-22.3591670954	22.3731765395	-82.9960717344
26.0015956317	-22.2610761604	22.2750033274	-82.9671213592
26.302679919	-22.1637361034	22.1780204631	-82.9520955187
26.607250598	-22.0653387901	22.079425798	-82.9097394978
26.9153480393	-21.9679750564	21.9821599446	-82.9164116022
27.2270130808	-21.8680203269	21.8820068446	-82.8685385364
27.5422870334	-21.76725096	21.7812761904	-82.846319506
27.8612116863	-21.6687592174	21.6827657404	-82.8231336222
28.1838293126	-21.5698293754	21.5841940466	-82.7870350715
28.510182675	-21.4705221631	21.4845038858	-82.7721953696
28.8403150313	-21.3706363799	21.3845289483	-82.7468179939
29.17427014	-21.2728780974	21.2867431493	-82.7084633441
29.5120922667	-21.1732502778	21.1873051648	-82.6845817607
29.8538261892	-21.07409991	21.0880373262	-82.6502356595
30.199517204	-20.9755176868	20.989694739	-82.6078311351
30.5492111322	-20.8765479129	20.8905984086	-82.5823376526
30.9029543251	-20.7760272024	20.7901504422	-82.535897784
31.2607936712	-20.6770236614	20.6909776157	-82.5037056083
31.6227766017	-20.5775684163	20.5913550734	-82.4806335431
31.9889510969	-20.4789861563	20.493061712	-82.4298881421
32.359365693	-20.3799644101	20.3937811627	-82.4004008716
32.7340694879	-20.2804155247	20.2943799241	-82.3584218653
33.1131121483	-20.1828670956	20.196873078	-82.3197905308
33.4965439158	-20.0862087899	20.0998751011	-82.2776312181
33.8844156139	-19.9862311072	20.0000441204	-82.2277875642
34.2767786546	-19.887937787	19.9017030882	-82.1947834922
34.6736850453	-19.7879602685	19.8019276551	-82.1546542621
35.0751873953	-19.690532866	19.7045057693	-82.101396178
35.4813389234	-19.5920179549	19.6061007118	-82.044029894
35.8921934645	-19.4916001977	19.5057531225	-81.9930870777
36.307805477	-19.3920813655	19.4058865265	-81.9520039083
36.7282300498	-19.2940168484	19.3076655717	-81.8989841704
37.1535229097	-19.1955070133	19.2094179678	-81.8438079005
37.5837404288	-19.0969665923	19.1109741373	-81.8025818373
38.0189396321	-18.9974295396	19.0112395177	-81.7411981488
38.4591782045	-18.897995104	18.9119513683	-81.7011736062
38.9045144994	-18.7986577831	18.8124399947	-81.6438534985
39.3550075456	-18.7010891237	18.7150039178	-81.5862116215
39.8107170553	-18.6007705297	18.6147148272	-81.524119056
40.2717034325	-18.5036147889	18.517558467	-81.4613700134
40.7380277804	-18.4055163416	18.4195150228	-81.4135428164
41.2097519097	-18.3077509991	18.3217079316	-81.353173818
41.686938347	-18.2110591741	18.2250672443	-81.2873002367
42.1696503429	-18.1123899503	18.1262841097	-81.2200690785
42.6579518802	-18.0137303231	18.0277175292	-81.1597344988
43.1519076828	-17.9163622998	17.9301227535	-81.0971075199
43.651583224	-17.8179456387	17.831677722	-81.0259818696
44.1570447353	-17.7176730154	17.7312577771	-80.9650049548
44.6683592151	-17.6216290995	17.6352803686	-80.8961855528
45.1855944375	-17.5236486923	17.537368105	-80.8247200751
45.7088189615	-17.4243324699	17.4380507555	-80.7613448928
46.2381021399	-17.3266164692	17.3405156407	-80.6758533773
46.7735141287	-17.2280904513	17.2419114534	-80.6081460251
47.3151258961	-17.1298866001	17.1438838039	-80.5377132449
47.8630092323	-17.0327076069	17.0462090614	-80.4533334309
48.4172367584	-16.9361871942	16.9500035292	-80.3811776742
48.9778819368	-16.837880041	16.8514732475	-80.3102112344
49.5450190805	-16.7414686006	16.7551213356	-80.2348962098
50.1187233627	-16.6444165122	16.6580210006	-80.1474472913
50.6990708275	-16.5455712242	16.5595082438	-80.0680400936
51.2861383991	-16.447383339	16.4609883401	-79.9868331734
51.8800038929	-16.3507844308	16.3645888304	-79.8963013797
52.480746025	-16.2527605108	16.2666697705	-79.8090933684
53.0884444231	-16.1540715665	16.1678374585	-79.7242198297
53.703179637	-16.0579971197	16.0714383058	-79.6327497516
54.3250331492	-15.9590172087	15.9728192501	-79.5510300578
54.9540873858	-15.8622317571	15.876088754	-79.4566163784
55.590425727	-15.7646480298	15.7786448726	-79.3686112747
56.234132519	-15.6688778835	15.6828114501	-79.2776640983
56.8852930844	-15.5715385104	15.5852575926	-79.1866607873
57.5439937337	-15.4746308968	15.4883358892	-79.0894808762
58.2103217771	-15.3784565174	15.3921505433	-78.9877043496
58.8843655356	-15.2810018845	15.2949259456	-78.8914568544
59.5662143529	-15.184711957	15.1984826856	-78.7974578363
60.2559586074	-15.0867490187	15.1006849293	-78.689233166
60.953689724	-14.9896152818	15.0034255854	-78.5895549528
61.6595001861	-14.8920801283	14.9056724111	-78.4904705869
62.3734835482	-14.7960501327	14.8095082633	-78.3841929563
63.095734448	-14.7003672083	14.7140493679	-78.2752669958
63.8263486191	-14.6040129139	14.6179309018	-78.1663490846
64.5654229035	-14.509054672	14.5228644873	-78.0549955818
65.3130552647	-14.4113874764	14.4252168969	-77.9518109601
66.0693448008	-14.3155853352	14.3295670787	-77.8339556437
66.8343917569	-14.2181436417	14.2320642472	-77.720976307
67.6082975392	-14.1217480729	14.1357449123	-77.6062212716
68.3911647281	-14.0261826452	14.0400591625	-77.4915727287
69.1830970919	-13.9299240602	13.9438372092	-77.3711038052
69.9841996002	-13.8334657305	13.8473575551	-77.2498009017
70.7945784384	-13.7384040761	13.752127763	-77.1305419679
71.6143410213	-13.6434847304	13.6570673596	-77.0082951691
72.4435960075	-13.5470439087	13.5607136423	-76.8846165817
73.2824533139	-13.4514239712	13.4649040889	-76.758443021
74.1310241301	-13.3558188004	13.3697128084	-76.6288219898
74.9894209332	-13.2605292354	13.2742985397	-76.5057301805
75.8577575029	-13.1661286806	13.1798640878	-76.3725246119
76.7361489362	-13.070482049	13.0839745611	-76.2390504432
77.6247116629	-12.9756836174	12.9892814539	-76.1012831345
78.523563461	-12.8810303218	12.8948800117	-75.9687024763
79.4328234724	-12.7877360346	12.8014526941	-75.837302019
80.3526122186	-12.6923369764	12.7059951493	-75.6969989753
81.2830516164	-12.5981567905	12.6120413776	-75.55584726
82.2242649947	-12.5037083453	12.5173125763	-75.4153125678
83.1763771103	-12.4094908782	12.4231708777	-75.2707670275
84.1395141645	-12.3153046288	12.3292393766	-75.1252426163
85.1138038202	-12.2203652859	12.2341104834	-74.9799276512
86.0993752185	-12.1260934969	12.1395763491	-74.8325217767
87.0963589956	-12.0328900521	12.0467893425	-74.675444587
88.1048873008	-11.9406171873	11.9542682106	-74.5332517349
89.1250938134	-11.8460220014	11.8599901657	-74.3677023235
90.1571137606	-11.7523244003	11.7663884165	-74.215025917
91.2010839356	-11.6597436644	11.6738871413	-74.0551032286
92.2571427155	-11.5671906052	11.5810516202	-73.9029375324
93.3254300797	-11.4730812082	11.4870205911	-73.7425383177
94.4060876286	-11.3817196422	11.3955338116	-73.583127327
95.4992586021	-11.2901794879	11.3041640697	-73.425331185
96.605087899	-11.1966900033	11.2104586261	-73.2590924739
97.7237220956	-11.1042945359	11.1179113524	-73.0809741117
98.8553094657	-11.0120166622	11.0255184251	-72.9202686427
100	-10.9205304088	10.9340974383	-72.7492569622
101.157945426	-10.827869528	10.8413031131	-72.5751124532
102.329299228	-10.7367293151	10.7503559933	-72.3908398093
103.514216668	-10.6464096506	10.6597219287	-72.2227304993
104.712854805	-10.5562679986	10.5699130934	-72.0364994934
105.925372518	-10.4644507151	10.4778995036	-71.8583299058
107.151930524	-10.3741782861	10.3875538538	-71.6756574745
108.392691402	-10.2824211531	10.2959945751	-71.499653109
109.647819614	-10.1927561074	10.2061484662	-71.3071025042
110.917481526	-10.1026129877	10.1160233719	-71.1126130349
112.20184543	-10.0125141289	10.0263880714	-70.9269806031
113.501081567	-9.92339338566	9.93691723167	-70.7364651375
114.81536215	-9.83353634741	9.84693496148	-70.5478795354
116.144861384	-9.74378614355	9.75731352965	-70.3450234412
117.489755494	-9.65408215054	9.66767858719	-70.1543086919
118.850222744	-9.56508997575	9.57909426631	-69.9536961339
120.226443462	-9.47694938149	9.49053516874	-69.7522503004
121.618600065	-9.38965056174	9.4031169505	-69.5483221086
123.026877081	-9.30052806944	9.31434284861	-69.3455027551
124.451461177	-9.2123409668	9.22586422189	-69.1374592385
125.892541179	-9.12460189225	9.13788064487	-68.9276211404
127.350308102	-9.03709821773	9.05056616202	-68.7125119307
128.824955169	-8.95070500967	8.96405220443	-68.505340343
130.316677845	-8.86318718465	8.87703125661	-68.2893499207
131.825673856	-8.77623289411	8.79017064097	-68.0713789189
133.352143216	-8.69033306948	8.70402511443	-67.8567167438
134.896288259	-8.60340153528	8.61727565685	-67.6330929391
136.458313659	-8.51719874649	8.53113122904	-67.4108701736
138.03842646	-8.43191064916	8.44559176	-67.1881227096
139.636836106	-8.3467235587	8.36021893107	-66.9598479515
141.253754462	-8.26183807901	8.27530903242	-66.7319202231
142.889395851	-8.17747744554	8.19095779088	-66.5051063825
144.543977075	-8.09254732749	8.10602073616	-66.2681527937
146.217717446	-8.00883824403	8.0222082248	-66.0352731931
147.910838817	-7.92528568134	7.93853431149	-65.7993602647
149.623565609	-7.84144749073	7.85497139991	-65.5601694917
151.356124844	-7.7579991679	7.77125364949	-65.3221138069
153.108746168	-7.67500427885	7.68873518729	-65.0818655909
154.881661891	-7.59221587235	7.60571816613	-64.8375259655
156.675107011	-7.5102588332	7.52344862433	-64.5880668593
158.489319246	-7.42848134536	7.44212726757	-64.3412925871
160.324539069	-7.34718691026	7.36052278134	-64.0939538365
162.181009736	-7.26544481222	7.2790621029	-63.8384241753
164.05897732	-7.18457774302	7.19795354439	-63.5868342988
165.958690744	-7.10433857616	7.11773241769	-63.3302918277
167.880401812	-7.02410579624	7.03769434723	-63.0760656466
169.824365246	-6.94439342674	6.95759434144	-62.8174210477
171.790838716	-6.86472364217	6.87822049749	-62.5553788183
173.780082875	-6.78559616254	6.79914593294	-62.2898410128
175.792361396	-6.70662694895	6.72004258582	-62.0287777665
177.827941004	-6.62844913792	6.64204029692	-61.7611020958
179.887091513	-6.55090708756	6.56443169939	-61.4935158889
181.970085861	-6.47404497003	6.48704519787	-61.2217600561
184.077200147	-6.39595282763	6.40948378256	-60.9488379087
186.208713666	-6.31908816043	6.33237980631	-60.6727997057
188.364908949	-6.24326160047	6.25680708466	-60.4034498044
190.546071796	-6.16801072396	6.18146213792	-60.1234719904
192.752491319	-6.09229182825	6.10566821993	-59.8461333688
194.984459976	-6.01694714494	6.02991290489	-59.5631801959
197.242273611	-5.94213926366	5.95571990623	-59.2814237286
199.526231497	-5.86791130184	5.88122629579	-58.9984021743
201.836636368	-5.79422164511	5.80750120672	-58.7127321135
204.173794467	-5.72110357326	5.73461678337	-58.4277508544
206.538015581	-5.6480397745	5.66164053508	-58.1381409449
208.929613085	-5.57536797265	5.58859591145	-57.8469138912
211.348903984	-5.50419667	5.51784803576	-57.553836937
213.79620895	-5.43301690574	5.44622390299	-57.2630242
216.271852373	-5.36153503258	5.375188624	-56.9688461239
218.776162395	-5.29120585146	5.30475791441	-56.6701473314
221.309470961	-5.22076026135	5.23420077663	-56.3732192574
223.872113857	-5.15137502992	5.16508753872	-56.0751352627
226.464430759	-5.08190640159	5.09551846583	-55.776894424
229.086765277	-5.01384205841	5.02697105898	-55.4738761806
231.739464997	-4.94548371066	4.95887258118	-55.1719858842
234.422881532	-4.87740353531	4.89103057719	-54.8648216018
237.137370566	-4.81112686003	4.82454567228	-54.5606826396
239.883291902	-4.74486401414	4.75826054615	-54.2526579863
242.661009508	-4.67878915301	4.69231725725	-53.9441947923
245.470891569	-4.61328815488	4.62640341778	-53.6357507983
248.31331053	-4.5477119933	4.56128891974	-53.3225825781
251.188643151	-4.48382436152	4.49689117296	-53.0128532129
254.097270555	-4.41983197284	4.43331430153	-52.7004420971
257.039578277	-4.35650495237	4.36961986791	-52.3878009541
260.015956317	-4.29340087967	4.30692289505	-52.0723795852
263.02679919	-4.23108425087	4.24418595719	-51.7553922223
266.07250598	-4.16957698669	4.18288963824	-51.4391892829
269.153480393	-4.10789872823	4.12117660296	-51.1210356873
272.270130808	-4.04724972644	4.06068757536	-50.8024463173
275.422870334	-3.98772546525	4.00060132962	-50.4838553811
278.612116863	-3.92786343425	3.94087604025	-50.1654969511
281.838293126	-3.86846797637	3.88197325888	-49.8425045415
285.10182675	-3.81039421947	3.82360426456	-49.5231356313
288.403150313	-3.75232157472	3.76545610743	-49.1998697834
291.7427014	-3.69467069956	3.70765640835	-48.8798269072
295.120922667	-3.63799181892	3.65133756993	-48.5536533572
298.538261892	-3.58205975812	3.59532136349	-48.2314319712
301.99517204	-3.5259786303	3.5393749259	-47.9072719203
305.492111322	-3.47126149608	3.48438822339	-47.5847641034
309.029543251	-3.41625861237	3.42919957115	-47.2566489131
312.607936712	-3.36222880689	3.3755352028	-46.929199807
316.227766017	-3.30915030066	3.32224620852	-46.6050956992
319.889510969	-3.25623590458	3.26947641144	-46.2796498976
323.59365693	-3.20404155954	3.21718075484	-45.9537966894
327.340694879	-3.15145371663	3.16509895353	-45.6274973153
331.131121483	-3.10062631459	3.11398138295	-45.3011674691
334.965439158	-3.05038637143	3.06376115302	-44.9751810284
338.844156139	-3.00037952253	3.01395008765	-44.648126143
342.767786546	-2.95108153057	2.96463361378	-44.3226557447
346.736850453	-2.90256375008	2.91593331037	-43.9949160744
350.751873953	-2.85412740281	2.86742010693	-43.6698108319
354.813389234	-2.80605128725	2.81958782377	-43.3427580477
358.921934645	-2.75922045149	2.77255143681	-43.0157574052
363.07805477	-2.71297149396	2.72627713432	-42.6890760088
367.282300498	-2.66667385341	2.67963494602	-42.3647783177
371.535229097	-2.62172025627	2.63461816849	-42.0405819963
375.837404288	-2.57680572719	2.5898872978	-41.7142631171
380.189396321	-2.53226321598	2.54537798042	-41.3885729677
384.591782045	-2.48860823844	2.50189032722	-41.0661036027
389.045144994	-2.44566653465	2.45868001805	-40.7436342794
393.550075456	-2.40268606715	2.41616345122	-40.4174131602
398.107170553	-2.36091313388	2.37371740706	-40.0971791707
402.717034325	-2.3191626293	2.33197102353	-39.7725697363
407.380277804	-2.27852471605	2.29159630894	-39.4515092276
412.097519097	-2.23816593704	2.25115744815	-39.1309721914
416.86938347	-2.1987448017	2.21166129328	-38.8110615915
421.696503429	-2.15912931294	2.17208005667	-38.4925850647
426.579518802	-2.11994631283	2.1333048007	-38.1730565999
431.519076828	-2.0821964515	2.09502786759	-37.8575220143
436.51583224	-2.04465958504	2.05758453622	-37.5383032852
441.570447353	-2.00710017522	2.02070568728	-37.2218566645
446.683592151	-1.97054009843	1.9838955445	-36.9097769467
451.855944375	-1.9344448517	1.94809872877	-36.59453112
457.088189615	-1.89907926276	1.91224841432	-36.279511081
462.381021399	-1.86421954448	1.87715466333	-35.9684961017
467.735141287	-1.82967739559	1.8427801358	-35.6572512345
473.151258961	-1.795768115	1.80853767723	-35.34796852
478.630092323	-1.76281041716	1.77585498962	-35.0392962882
484.172367584	-1.72937502203	1.74278154681	-34.733543829
489.778819368	-1.69679238734	1.70995496652	-34.4257212587
495.450190805	-1.664613449	1.67793106184	-34.1192441262
501.187233627	-1.6331243093	1.64638974453	-33.8162649008
506.990708275	-1.60263700696	1.61591260193	-33.5125499921
512.861383991	-1.5720131341	1.58521595951	-33.214209384
518.800038929	-1.5417001624	1.55526100097	-32.9119517518
524.80746025	-1.51270326581	1.5262877852	-32.6134046321
530.884444231	-1.48327068452	1.49720924208	-32.3187751603
537.03179637	-1.45474996763	1.46813017625	-32.0229122278
543.250331492	-1.42647856842	1.44026926213	-31.727420705
549.540873858	-1.39883004554	1.41258045808	-31.434915703
555.90425727	-1.37253624329	1.38568578723	-31.1453509464
562.34132519	-1.34572672234	1.35877135034	-30.8555079421
568.852930844	-1.31905459312	1.33260513051	-30.5676977481
575.439937337	-1.29328611358	1.30658965642	-30.2812372346
582.103217771	-1.26774501855	1.28080034208	-29.9962011594
588.843655356	-1.24252873183	1.25591334943	-29.7114567694
595.662143529	-1.21869447613	1.23170037963	-29.4301190234
602.559586074	-1.19443783415	1.20785404486	-29.1509345436
609.53689724	-1.17083004915	1.18400011187	-28.8741486047
616.595001861	-1.14757602686	1.16092305362	-28.5953404584
623.734835482	-1.1241517848	1.13767750686	-28.3222664064
630.95734448	-1.10190129667	1.11553565207	-28.0474927581
638.263486191	-1.07943083389	1.09310287247	-27.7751943855
645.654229035	-1.05788352584	1.07141825543	-27.5068243144
653.130552647	-1.03655181845	1.04982527744	-27.2365093905
660.693448008	-1.01591015164	1.02925926282	-26.9738666532
668.343917569	-0.994895253346	1.00857829627	-26.707453675
676.082975392	-0.974811672011	0.988696248015	-26.4463202757
683.911647281	-0.95574059008	0.968794737178	-26.1863888402
691.830970919	-0.935391256064	0.949068759042	-25.927282883
699.841996002	-0.916532878935	0.930200457681	-25.6693042493
707.945784384	-0.897548224876	0.91143475136	-25.4115382495
716.143410213	-0.880016786311	0.89285681254	-25.1605473675
724.435960075	-0.861071983122	0.87453225844	-24.9073330181
732.824533139	-0.843636883697	0.857377077397	-24.6580633645
741.310241301	-0.826399092076	0.839369574105	-24.4120925985
749.894209332	-0.808977444694	0.822338795993	-24.1636483926
758.577575029	-0.79249067136	0.805822574445	-23.9202673765
767.361489362	-0.776298504246	0.789688691844	-23.6770734216
776.247116629	-0.760650871068	0.773608409629	-23.4358135791
785.23563461	-0.744417256776	0.757492691135	-23.198357995
794.328234724	-0.729313087492	0.742440274843	-22.9604567949
803.526122186	-0.714064258964	0.726983592397	-22.7272958232
812.830516164	-0.698784093537	0.712016498448	-22.4941073813
822.242649947	-0.684653766437	0.697562799252	-22.2625815678
831.763771103	-0.669842627394	0.682785257918	-22.0324882418
841.395141645	-0.655745459205	0.669051254122	-21.8069926201
851.138038202	-0.642139405641	0.655152888885	-21.5814984586
860.993752185	-0.628432082648	0.641875510026	-21.3588705606
870.963589956	-0.614928319152	0.62857783573	-21.1350717742
881.048873008	-0.602234564974	0.615116420511	-20.9162782806
891.250938134	-0.58894280404	0.602566642114	-20.6968735973
901.571137606	-0.576525157714	0.590226450313	-20.4799033767
912.010839356	-0.565271733695	0.577954029924	-20.2692477731
922.571427155	-0.552730691052	0.565918047036	-20.0560225439
933.254300797	-0.540858003517	0.554189981065	-19.8439192751
944.060876286	-0.529549650397	0.542873931797	-19.6382411956
954.992586021	-0.518413352326	0.531276069286	-19.4312397951
966.05087899	-0.507239052259	0.520573987149	-19.2222418757
977.237220956	-0.496527679638	0.509549663463	-19.0221290099
988.553094657	-0.486348267703	0.498957711805	-18.8185920212
1000	-0.475203535571	0.488727527486	-18.6189347312
1011.57945426	-0.465202737728	0.478232250199	-18.4224519909
1023.29299228	-0.455596215359	0.468202763383	-18.2262392356
1035.14216668	-0.444920204169	0.458372157082	-18.0318942529
1047.12854805	-0.435861206243	0.448858011998	-17.8381664971
1059.25372518	-0.426984255099	0.439872699214	-17.6497864314
1071.51930524	-0.416890214995	0.43027269285	-17.4591053991
1083.92691402	-0.407803162062	0.421212063122	-17.2726815746
1096.47819614	-0.398286803114	0.412523937059	-17.0872618543
1109.17481526	-0.390137944849	0.403883974046	-16.9040766947
1122.0184543	-0.381254182267	0.395491881554	-16.7222924676
1135.01081567	-0.373433852075	0.386871340397	-16.5439959392
1148.1536215	-0.365810612936	0.379206956899	-16.3629647325
1161.44861384	-0.357659037589	0.371281477097	-16.18847228
1174.89755494	-0.350561749134	0.363345268492	-16.0137012123
1188.50222744	-0.34223979191	0.355516476731	-15.8405058486
1202.26443462	-0.335518345932	0.348380938938	-15.6702900176
1216.18600065	-0.327844139642	0.340946992674	-15.4972772844
1230.26877081	-0.32090311123	0.334180146782	-15.3307327687
1244.51461177	-0.313462322082	0.32658174259	-15.1643134952
1258.92541179	-0.305553257474	0.320039441444	-14.9978190574
1273.50308102	-0.299182058223	0.313088517484	-14.8376516572
1288.24955169	-0.292911467119	0.306626407244	-14.6742829514
1303.16677845	-0.286004053659	0.299981210148	-14.5147203924
1318.25673856	-0.280230405177	0.293677527947	-14.354975261
1333.52143216	-0.273828884931	0.287791941992	-14.2001872732
1348.96288259	-0.268778122578	0.281555448401	-14.0427565936
1364.58313659	-0.261816935095	0.275703686469	-13.8904788008
1380.3842646	-0.256506695508	0.270328809856	-13.7365938674
1396.36836106	-0.251267677751	0.264282254979	-13.587508417
1412.53754462	-0.244804338005	0.258410368343	-13.4382405268
1428.89395851	-0.239220674057	0.253226233699	-13.2901716722
1445.43977075	-0.23382211893	0.247972127644	-13.1448009481
1462.17717446	-0.229398109561	0.243028560465	-13.0021062256
1479.10838817	-0.223585677709	0.237767708335	-12.8579052294
1496.23565609	-0.218879328283	0.232852333163	-12.7157463569
1513.56124844	-0.214163209884	0.227931862763	-12.5764363608
1531.08746168	-0.209835878727	0.223155938819	-12.4380818758
1548.81661891	-0.204660076337	0.218275798481	-12.2990009091
1566.75107011	-0.200774304321	0.213804644712	-12.166082264
1584.89319246	-0.194884257326	0.209545194123	-12.0318846035
1603.24539069	-0.191477765079	0.205091561608	-11.8994908788
1621.81009736	-0.18753452667	0.200697062165	-11.7677357701
1640.5897732	-0.182322810915	0.196041734223	-11.635363493
1659.58690744	-0.178226237226	0.192524699532	-11.5059936156
1678.80401812	-0.17443284387	0.188284091514	-11.378417254
1698.24365246	-0.170228034169	0.18484293081	-11.2532851619
1717.90838716	-0.166536279561	0.180881874786	-11.1287989925
1737.80082875	-0.163430681659	0.177055839773	-11.0045699074
1757.92361396	-0.159087294732	0.173275501916	-10.8854043212
1778.27941004	-0.155699786253	0.170086394672	-10.7629966836
1798.87091513	-0.15289825971	0.166456136365	-10.6425324555
1819.70085861	-0.148051254402	0.163021800003	-10.5266182525
1840.77200147	-0.145594657328	0.159082108941	-10.4068049554
1862.08713666	-0.142382364756	0.156128190356	-10.2914487223
1883.64908949	-0.138712617216	0.152682830917	-10.1755243732
1905.46071796	-0.135629496878	0.149629835324	-10.0625492006
1927.52491319	-0.132418553063	0.146860731084	-9.95234534984
1949.84459976	-0.129318568843	0.143781116227	-9.83825227811
1972.42273611	-0.126537126534	0.14054855237	-9.73200730825
1995.26231497	-0.123609631562	0.137831938542	-9.62095366125
2018.36636368	-0.120362151679	0.134285007035	-9.5146988384
2041.73794467	-0.117688439345	0.13210977311	-9.40893885632
2065.38015581	-0.114407290442	0.128735747287	-9.30367446609
2089.29613085	-0.112199983729	0.126741247889	-9.20232618323
2113.48903984	-0.109643239972	0.124292542047	-9.09647055871
2137.9620895	-0.107240566865	0.121485746577	-8.99309546281
2162.71852373	-0.104429775617	0.11925118481	-8.89118523943
2187.76162395	-0.101711182571	0.116907062646	-8.7944992559
2213.09470961	-0.0992346933438	0.114203327657	-8.6979044548
2238.72113857	-0.0972381898217	0.112136681387	-8.5987396064
2264.64430759	-0.0952958482844	0.10972532961	-8.50208885786
2290.86765277	-0.0925867937513	0.107639089878	-8.40830691075
2317.39464997	-0.0903494166776	0.105231824709	-8.31374634118
2344.22881532	-0.0878134581002	0.103250901116	-8.22385152549
2371.37370566	-0.0859549121281	0.101145825275	-8.12852542347
2398.83291902	-0.0842201551808	0.0988330295202	-8.03753442995
2426.61009508	-0.0826012783191	0.0970120041543	-7.94800724198
2454.70891569	-0.0818683114131	0.0957300824873	-7.85929378821
2483.1331053	-0.078768829736	0.0933743158929	-7.77310915131
2511.88643151	-0.0772565884938	0.0918241890266	-7.68382230472
2540.97270555	-0.0743071561042	0.0898619642103	-7.59748259586
2570.39578277	-0.0730391953536	0.0883089845155	-7.5115797901
2600.15956317	-0.0707036101982	0.0862157741019	-7.42784405332
2630.2679919	-0.0690123092445	0.0840956557959	-7.34440172544
2660.7250598	-0.0668119910109	0.0826101025738	-7.26308203458
2691.53480393	-0.0657986610506	0.0808800767597	-7.18080912296
2722.70130808	-0.0633906880877	0.0791077869693	-7.09929353526
2754.22870334	-0.0617691595449	0.0774868180413	-7.02000636086
2786.12116863	-0.0592304475724	0.0761254012705	-6.94208021518
2818.38293126	-0.058894909159	0.0746505533219	-6.86281490913
2851.0182675	-0.0575683347536	0.0739959858688	-6.78849287632
2884.03150313	-0.0553804484792	0.0719224936295	-6.70880791814
2917.427014	-0.0545454607021	0.0700550944327	-6.63685088531
2951.20922667	-0.0531041355665	0.0694311475539	-6.55744369863
2985.38261892	-0.0515231091655	0.067114306748	-6.48492351716
3019.9517204	-0.0499813420432	0.0661786872133	-6.41425420843
3054.92111322	-0.0504678779627	0.064805785796	-6.34086867437
3090.29543251	-0.0481511011875	0.0640621128575	-6.27080842599
3126.07936712	-0.0461080243435	0.0629220963617	-6.19732463219
3162.27766017	-0.0453996814865	0.0611994282716	-6.13101520763
3198.89510969	-0.043698015666	0.0598370449898	-6.05983405716
3235.9365693	-0.0422297103451	0.0588078986418	-5.99179725657
3273.40694879	-0.0419063354302	0.0571751816633	-5.92856673735
3311.31121483	-0.0404622002305	0.0562448417485	-5.86029496957
3349.65439158	-0.0377187864997	0.0550253531537	-5.79584434771
3388.44156139	-0.0375604772775	0.054298282095	-5.73198729919
3427.67786546	-0.036695392681	0.0527819537116	-5.66253753736
3467.36850453	-0.0353812106451	0.0523815200495	-5.59999183229
3507.51873953	-0.0337603171094	0.0509334050644	-5.53409912784
3548.13389234	-0.0332241154096	0.0503143973854	-5.47650980857
3589.21934645	-0.0332887248169	0.0497789793894	-5.4133225917
3630.7805477	-0.0314667437915	0.0484030439523	-5.35626303439
3672.82300498	-0.0302963474351	0.046763752425	-5.29513850357
3715.35229097	-0.0295431826526	0.0467852965368	-5.23442592788
3758.37404288	-0.0286073222245	0.0453346472812	-5.17417638882
3801.89396321	-0.0264614114417	0.0446471855555	-5.11659253116
3845.91782045	-0.0265783098505	0.0439505485249	-5.05761671402
3890.45144994	-0.0255968685505	0.0428564424663	-5.00362953131
3935.50075456	-0.0244643954104	0.0417889927591	-4.94304732333
3981.07170553	-0.024377431296	0.0414140857706	-4.88988075919
4027.17034325	-0.0228025794674	0.0400305674827	-4.83439371522
4073.80277804	-0.0225253413937	0.0397396234415	-4.77963095937
4120.97519097	-0.020306848521	0.0383982165745	-4.72977642506
4168.6938347	-0.0200103034942	0.0383476471114	-4.67367919182
4216.96503429	-0.0181097445017	0.0376585640915	-4.62007035832
4265.79518802	-0.018263731354	0.0365363740515	-4.56959872303
4315.19076828	-0.017519360208	0.0359229496341	-4.51892171682
4365.1583224	-0.0167673075865	0.0354258007736	-4.46808012168
4415.70447353	-0.0161499844595	0.034928344883	-4.41453271346
4466.83592151	-0.0152460544327	0.0337057002855	-4.36757968566
4518.55944375	-0.0145651539233	0.0333354121421	-4.31656894746
4570.88189615	-0.0141652970643	0.0326800868794	-4.27064713416
4623.81021399	-0.0133303270223	0.0320057508938	-4.22070083251
4677.35141287	-0.0121898210937	0.0315058007858	-4.17367346195
4731.51258961	-0.0112369510601	0.0302455375867	-4.12445907248
4786.30092323	-0.0107310983662	0.0303038258813	-4.07973341544
4841.72367584	-0.0101543826124	0.0293085225922	-4.03446470702
4897.78819368	-0.0107861155331	0.0290305555751	-3.99074816696
4954.50190805	-0.00856780935497	0.0280820277413	-3.94399452667
5011.87233627	-0.00877016500928	0.0282073185766	-3.89986267446
5069.90708275	-0.00727782743067	0.0268755688195	-3.85785683663
5128.61383991	-0.0103148276652	0.0270265773172	-3.81297191256
5188.00038929	-0.00568687459257	0.0263175764474	-3.77190889602
5248.0746025	-0.00758297902592	0.0259195302249	-3.72928014893
5308.84444231	-0.00535010858803	0.0254622025422	-3.68495913773
5370.3179637	-0.00416168260173	0.0250820243082	-3.64424991878
5432.50331492	-0.00462050080819	0.0245683581432	-3.60455703734
5495.40873858	-0.00338745756059	0.0241486107164	-3.56326994037
5559.0425727	-0.00731924882819	0.0236907659841	-3.5258054604
5623.4132519	-0.00224839452731	0.0231734448805	-3.48301713794
5688.52930844	-0.00137144904246	0.0231803709956	-3.44569110835
5754.39937337	-0.000400522959652	0.0217395004651	-3.40372970188
5821.03217771	-9.13865143388e-05	0.0219868200461	-3.36564374949
5888.43655356	-0.00540935978509	0.0214374161118	-3.328519807
5956.62143529	0.000631179043213	0.0212204524195	-3.29367386933
6025.59586074	0.00161085656638	0.0204666877305	-3.25618417199
6095.3689724	-0.00996825095782	0.0203789451085	-3.22046493418
6165.95001861	0.00336983427138	0.0196184100062	-3.17954404712
6237.34835482	0.00140469393059	0.0190363709908	-3.14273386377
6309.5734448	0.00388705191709	0.0188062899551	-3.11354590447
6382.63486191	0.00535955803835	0.0187464408383	-3.07805639193
6456.54229035	-0.00014988427447	0.0186917024464	-3.04345541677
6531.30552647	0.0047431150956	0.0177953704388	-3.00659071076
6606.93448008	0.00659657323177	0.0178733172994	-2.97358877604
6683.43917569	-0.00115068061106	0.0172098866659	-2.94283465838
6760.82975392	0.00697295099035	0.0169267990672	-2.90847165355
6839.11647281	0.00722450153398	0.0172868146386	-2.87427108481
6918.30970919	-6.63067799451e-05	0.0158081918801	-2.84096650413
6998.41996002	0.00837056794555	0.0156204914246	-2.80709578627
7079.45784384	0.00870106799098	0.01572167286	-2.77596493763
7161.43410213	0.00263553789256	0.0151318506983	-2.75111211886
7244.35960075	0.0090360892203	0.0152027842672	-2.71490454007
7328.24533139	0.0107317142944	0.014858784937	-2.68613271009
7413.10241301	0.00458888311115	0.0140956090193	-2.65530350307
7498.94209332	0.00518796059392	0.0138386109693	-2.62442738923
7585.77575029	0.0116400361825	0.0139125050035	-2.59602095456
7673.61489362	0.00999757795389	0.0131343002914	-2.56770225503
7762.47116629	0.00175967937372	0.0135366010506	-2.53722737767
7852.3563461	0.0138306125587	0.0123191178567	-2.50906137543
7943.28234724	0.0138142387514	0.0117630750137	-2.48482774666
8035.26122186	0.00349215009135	0.012458914185	-2.45288751223
8128.30516164	0.0119666660039	0.0121268850284	-2.42492402519
8222.42649947	0.014963667901	0.012197047493	-2.39698151948
8317.63771103	0.0127191746776	0.0120336855417	-2.37152805053
8413.95141645	0.00458918347234	0.0115072443617	-2.34341658184
8511.38038202	0.0156116992047	0.0116709719483	-2.31936447526
8609.93752185	0.0163096109415	0.011534559384	-2.29324579994
8709.63589956	0.0107434340486	0.0117823091462	-2.26863020722
8810.48873008	0.0113355125009	0.0110366546222	-2.2446763884
8912.50938134	0.017270786453	0.0100501030735	-2.21695866268
9015.71137606	0.0174530234506	0.0105813398866	-2.19022531463
9120.10839356	0.0100206654644	0.0101995969836	-2.16524912863
9225.71427155	0.0156524571256	0.00975991720293	-2.14289333821
9332.54300797	0.0189570945491	0.00943307539273	-2.11939055923
9440.60876286	0.0187478885335	0.0102057294619	-2.09695071181
9549.92586021	0.0123012635873	0.00939691187883	-2.07296345892
9660.5087899	0.0162517305978	0.00959372525808	-2.04935793186
9772.37220956	0.0200581497471	0.00887243378998	-2.02588111415
9885.53094657	0.0209564604307	0.0080759498778	-2.00398390318
10000	0.0177067298692	0.00802826128787	-1.97737787668
10115.7945426	0.0143290667011	0.00817918559376	-1.95694260515
10232.9299228	0.0221067075024	0.00759136201628	-1.93602045532
10351.4216668	0.0216104932002	0.0080552104777	-1.91701545579
10471.2854805	0.0224285833214	0.00776344513831	-1.89094338874
10592.5372518	0.00913808151023	0.00745014858184	-1.87236299931
10715.1930524	0.0219119116505	0.00722451664139	-1.85316743412
10839.2691402	0.0241131949484	0.00756198331056	-1.8322523672
10964.7819614	0.0242869775802	0.00723386268761	-1.80839286178
11091.7481526	0.0220664233926	0.00645580317772	-1.7900260252
11220.184543	0.0147121188349	0.0071782946205	-1.76642948405
11350.1081567	0.0249450527193	0.00602918716944	-1.7517015332
11481.536215	0.0241516386029	0.00734195893099	-1.72792474622
11614.4861384	0.0255683441656	0.00672592102415	-1.71310109731
11748.9755494	0.0235753890331	0.00590428771882	-1.69035896996
11885.0222744	0.0173719420517	0.00638456122671	-1.67127464581
12022.6443462	0.0265408720939	0.0064269538373	-1.65173365396
12161.8600065	0.0268187689547	0.00549485315667	-1.63410700448
12302.6877081	0.027086795594	0.00519383681368	-1.61413682142
12445.1461177	0.0272133412047	0.00503160236801	-1.60031820611
12589.2541179	0.0122978620313	0.00483553519135	-1.57915647949
12735.0308102	0.0281360006604	0.00475594667112	-1.56481122533
12882.4955169	0.0289260172691	0.00457697617877	-1.54212398627
13031.6677845	0.0283501296034	0.00531395118645	-1.52556562944
13182.5673856	0.0289305491035	0.00453927036446	-1.50930888502
13335.2143216	0.0249991509645	0.00521270820607	-1.49603911053
13489.6288259	0.0230333379032	0.00475126613555	-1.47377768819
13645.8313659	0.0302808180292	0.00466401557231	-1.4566799217
13803.842646	0.0300160446582	0.00458227356554	-1.44235194106
13963.6836106	0.029766936166	0.00393711496479	-1.42844167496
14125.3754462	0.032056456259	0.00337929756654	-1.40766437777
14288.9395851	0.0276268187969	0.00392466435099	-1.39159492034
14454.3977075	0.0248740052203	0.00328911326325	-1.37680449454
14621.7717446	0.0326578755049	0.00381297886161	-1.36445186907
14791.0838817	0.0315104536983	0.00405630562658	-1.34728512569
14962.3565609	0.0322200138312	0.00302287291663	-1.33033646415
15135.6124844	0.0334986042402	0.00330436560754	-1.31787237972
15310.8746168	0.0325804235827	0.00293281881343	-1.3012634521
15488.1661891	0.0191159891481	0.0031701631085	-1.28638581658
15667.5107011	0.0333630190655	0.00287308593816	-1.27579673615
15848.9319246	0.0346766988607	0.00237922358496	-1.26107369113
16032.4539069	0.0340031713143	0.00249593962409	-1.24559952233
16218.1009736	0.0341706808239	0.00308076826944	-1.23060557377
16405.897732	0.0346321194229	0.00238342585126	-1.21988130635
16595.8690744	0.0337055941058	0.00212951852064	-1.20097586431
16788.0401812	0.0193998060553	0.0023582493743	-1.18888191355
16982.4365246	0.0354214832775	0.00184092897914	-1.17730960375
17179.0838716	0.0353547447496	0.00293486771531	-1.16314468285
17378.0082875	0.0358978772478	0.00240803517929	-1.14964309295
17579.2361396	0.0359877170948	0.0017135136658	-1.13606985353
17782.7941004	0.035420174325	0.00236215422915	-1.12263749728
17988.7091513	0.0376742081812	0.00181703867899	-1.11508139951
18197.0085861	0.0331252175705	0.0018088948181	-1.10352793745
18407.7200147	0.0319787480104	0.00188597809612	-1.09110157647
18620.8713666	0.0378968608326	0.00158886784807	-1.07236626315
18836.4908949	0.0372100995583	0.00243752207489	-1.06234593148
19054.6071796	0.0386848260554	0.00225783447802	-1.04986401868
19275.2491319	0.0350213530196	0.00117560212114	-1.04045556373
19498.4459976	0.0327217047559	0.000730385661681	-1.02773342647
19724.2273611	0.0397610376628	0.0015270770291	-1.01045374738
19952.6231497	0.0374269917479	0.00176257747787	-1.00135431209
20183.6636368	0.0284426494733	0.00179958368553	-0.997027997552
20417.3794467	0.0395970034361	0.00104738106347	-0.982550542204
20653.8015581	0.0405468324729	0.00100895537571	-0.968861818278
20892.9613085	0.0406806037136	0.000945248682674	-0.958184371147
21134.8903984	0.040060416012	0.000732361303184	-0.947120189622
21379.620895	0.0272499267358	0.00133727328119	-0.932251642078
21627.1852373	0.040118984718	0.00168895477508	-0.928105671157
21877.6162395	0.0419646679989	0.000429317914587	-0.917527332842
22130.9470961	0.0399384344648	0.00070497812433	-0.903688800084
22387.2113857	0.0271920985936	0.000624394878013	-0.89526779943
22646.4430759	0.0425278057405	-0.000714858985748	-0.888041441129
22908.6765277	0.043069797504	0.000431369663856	-0.877725922338
23173.9464997	0.0435436274721	0.000292456226899	-0.870254340322
23442.2881532	0.0434896551272	0.00099205142766	-0.860556460083
23713.7370566	0.0303833876335	0.000899479810238	-0.848517129551
23988.3291902	0.0432495633077	0.000540952240555	-0.836978020941
24266.1009508	0.0446687379393	-0.000103446286676	-0.825154034485
24547.0891569	0.044548491247	0.000241874872712	-0.817211382439
24831.331053	0.0444430287933	1.25195418252e-05	-0.805538519191
25118.8643151	0.0347534938683	-0.000279955311922	-0.805011009966
25409.7270555	0.0424293687695	-0.000678123790728	-0.788962036612
25703.9578277	0.0454280097704	0.00038897281838	-0.778636785252
26001.5956317	0.0455748281874	-0.000670292432002	-0.774810630854
26302.679919	0.0470978262751	-0.000376096514453	-0.762522811465
26607.250598	0.0378563434364	-0.000196169946522	-0.747805224861
26915.3480393	0.0445126094373	-2.27079188214e-06	-0.746084150878
27227.0130808	0.047467749031	-0.000970253251591	-0.738486105572
27542.2870334	0.0469968997433	-0.0011255440467	-0.731249134167
27861.2116863	0.0480794485262	-0.000585089003479	-0.723955069037
28183.8293126	0.0470274425672	0.000411059408037	-0.722279229886
28510.182675	0.0475678495163	-0.000469381331794	-0.70460208012
28840.3150313	0.0388748077767	-0.00124576025988	-0.69404861744
29174.27014	0.0498882159036	-0.000494402183842	-0.687457323678
29512.0922667	0.0496847948734	8.62354046707e-05	-0.67989925928
29853.8261892	0.0497461923733	-0.000391572551629	-0.680833129513
30199.517204	0.0498691104298	-0.000869194838582	-0.66616606194
30549.2111322	0.0372397258641	-0.000629283270556	-0.663529227511
30902.9543251	0.0512533050948	-0.00111542101677	-0.656809980878
31260.7936712	0.0514231652323	-0.000231797381496	-0.646877470508
31622.7766017	0.051342595848	-0.000577248263422	-0.629173271516
31988.9510969	0.0506902755351	-0.00129315951844	-0.622303953825
32359.365693	0.0428447155191	-0.000207181124858	-0.624445518163
32734.0694879	0.0535029857795	-0.00128895756001	-0.608061409526
33113.1121483	0.0522798099936	-0.000246851623216	-0.604415519236
33496.5439158	0.0420655790709	-0.00131097193048	-0.599531950154
33884.4156139	0.0495130588792	-0.000640641237421	-0.590331019526
34276.7786546	0.0543627327738	-0.00180713852037	-0.577174730312
34673.6850453	0.0527169454283	-0.000402026045345	-0.577011250101
35075.1873953	0.0536005842064	-0.000325426034081	-0.569508669097
35481.3389234	0.0465485992912	-0.00108602890691	-0.566471068504
35892.1934645	0.0531833470542	-0.00212091070417	-0.564529545927
36307.805477	0.0567341774375	-0.00307975941521	-0.553507776176
36728.2300498	0.0551590561068	-0.000603255876567	-0.540721328568
37153.5229097	0.0577082462275	-0.00143632323846	-0.547010076578
37583.7404288	0.0465010387224	-0.0024814192578	-0.53251164744
38018.9396321	0.0559374511604	0.000368525507458	-0.522415277179
38459.1782045	0.0583713523126	-0.00126369662908	-0.527792058368
38904.5144994	0.0588477210594	-0.000786598701679	-0.507012568378
39355.0075456	0.0577048509392	-0.00117969673645	-0.507750287531
39810.7170553	0.0575368949402	-0.00144548093735	-0.513304393613
40271.7034325	0.0448816540852	-0.00163706580966	-0.504220351977
40738.0277804	0.0576547146947	-0.00028759486542	-0.480502568222
41209.7519097	0.0612486295398	-6.66899542856e-05	-0.481398197287
41686.938347	0.0625496585206	-0.00175028409572	-0.47241664758
42169.6503429	0.0627115612408	-0.00215137820395	-0.477205759288
42657.9518802	0.0499062772412	-0.0022067180374	-0.486198459871
43151.9076828	0.0631260190871	-0.0012868478918	-0.468512472053
43651.583224	0.062512426743	0.000789357654905	-0.458636667483
44157.0447353	0.064394376798	-0.00312741191843	-0.453722537529
44668.3592151	0.0645538093354	-0.00231796403	-0.459135230059
45185.5944375	0.0483747735684	0.000307970649078	-0.450779175049
45708.8189615	0.0653223277363	-0.00175120157798	-0.4405202691
46238.1021399	0.064866739182	-0.00127257603558	-0.437515598032
46773.5141287	0.0676179274882	-0.00301645649564	-0.430415019573
47315.1258961	0.0639385933782	-0.00240334731852	-0.418234700047
47863.0092323	0.0627107798825	-0.00175375892482	-0.419646094389
48417.2367584	0.0675470286368	-0.00192690216887	-0.41881806204
48977.8819368	0.0675364046984	-0.0017540712322	-0.414533908949
49545.0190805	0.069339173444	-0.00247096222561	-0.413949575353
50118.7233627	0.0621115300749	-0.00128304562716	-0.39550060709
50699.0708275	0.0675025876407	-0.00317100995912	-0.397346836547
51286.1383991	0.0703368883979	-0.00311738662597	-0.395691480177
51880.0038929	0.0713769734412	-0.00227493887689	-0.386852539996
52480.746025	0.0720836691566	-0.00187845251814	-0.385630551115
53088.4444231	0.0663020950318	-0.00253055506005	-0.371102674966
53703.179637	0.0680392931552	-0.0019222714079	-0.370643618224
54325.0331492	0.0740270344068	-0.00425492602219	-0.366596153525
54954.0873858	0.073767721906	-0.00247990850792	-0.36414374826
55590.425727	0.0741913109524	-0.00214022301112	-0.361502420717
56234.132519	0.066570353056	-0.00205495545438	-0.362300397717
56885.2930844	0.0723716431626	-0.00256623360227	-0.351875392162
57543.9937337	0.0757238612563	-0.00187946152123	-0.352396226095
58210.3217771	0.073797526254	-0.00137864353153	-0.350576747807
58884.3655356	0.0761497109978	-0.00323780068811	-0.345385330968
59566.2143529	0.0647873061282	-0.00346588256067	-0.344645783043
60255.9586074	0.0764064122994	-0.00209021589654	-0.341273147514
60953.689724	0.0776690357948	-0.00275467071536	-0.323659352014
61659.5001861	0.078012449871	-0.00100244845909	-0.327010022077
62373.4835482	0.0711191073624	-0.00144025816617	-0.31965465782
63095.734448	0.0790778326769	-0.00247506764093	-0.315079348342
63826.3486191	0.081178511157	-0.00297692325503	-0.316374017007
64565.4229035	0.0802095442772	-0.00222930343152	-0.313285652674
65313.0552647	0.0793302947298	-0.00195376463868	-0.307589451957
66069.3448008	0.0810681231325	-0.00261191517513	-0.297067457098
66834.3917569	0.0735200375856	-0.00309585068584	-0.301730887062
67608.2975392	0.0788924681595	-0.00273114851503	-0.297007651376
68391.1647281	0.0827218320412	-0.00240939545455	-0.280491330122
69183.0970919	0.0829579082547	-0.0013873571439	-0.284924375182
69984.1996002	0.0841143844439	-0.0016299265057	-0.276514053289
70794.5784384	0.0785516848418	-0.00161541684464	-0.284098115694
71614.3410213	0.0792149307972	-0.000285035434064	-0.289281632413
72443.5960075	0.0859854230334	-0.00368972355122	-0.276292365671
73282.4533139	0.0852516917856	-0.00212707238756	-0.266190014822
74131.0241301	0.0863341713958	-0.000872566853721	-0.270120702369
74989.4209332	0.0789299940944	-0.00191209294909	-0.274856809288
75857.7575029	0.0861633630188	-0.00257876423838	-0.264530515839
76736.1489362	0.0885646357097	-0.00304809016681	-0.270447639481
77624.7116629	0.0920494054561	-0.00384536518838	-0.255246156676
78523.563461	0.0900495622428	-0.00300926407855	-0.250116358793
79432.8234724	0.0773115808653	-0.00359541311619	-0.250875893462
80352.6122186	0.0902026896592	-0.00259519199031	-0.247584305524
81283.0516164	0.0929141761804	-0.00449232821948	-0.234277639513
82224.2649947	0.0949435806082	-0.00214456310348	-0.23465839717
83176.3771103	0.0836089175075	-0.00290046820797	-0.240057845862
84139.5141645	0.0934618679125	-0.00267415383894	-0.248065320605
85113.8038202	0.0942319781499	-0.00388254414862	-0.228507366956
86099.3752185	0.0941492119222	-0.00152230866379	-0.235026341817
87096.3589956	0.0893787356574	-0.00215445923263	-0.223328115395
88104.8873008	0.0940996959067	-0.00296286854514	-0.222132382142
89125.0938134	0.0962853571163	-0.00283214559693	-0.213314584235
90157.1137606	0.095478634166	-0.00304070075338	-0.221380451886
91201.0839356	0.0901177708027	-0.00244248913008	-0.21582073713
92257.1427155	0.0960810925808	-0.00182962358197	-0.216210718949
93325.4300797	0.0983736194214	-0.00145389734576	-0.219980089629
94406.0876286	0.0973915584577	-0.00187035111485	-0.21101756583
95499.2586021	0.0881478105197	-0.00253757562926	-0.198169958819
96605.087899	0.100472803213	-0.00217739885848	-0.200407029014
97723.7220956	0.101488608813	-0.00324714567806	-0.204706964573
98855.3094657	0.0980989910819	-0.002102209639	-0.197645372493
100000	0.0954338692631	-0.00295317274755	-0.199907681537
