10	-0.0377341016945	0.0514062387371	1.69880060042
10.1206893649	-0.0374698235101	0.0512895970124	1.72016061477
10.2428353221	-0.037629270557	0.0513596508342	1.74207911651
10.366455451	-0.0380502037526	0.0516123756211	1.76082125476
10.4915675435	-0.0379733521477	0.051780881866	1.78286586959
10.6181896059	-0.0383448462569	0.0522783465575	1.8042025871
10.7463398618	-0.0382613514748	0.0518906432418	1.8268030627
10.8760367551	-0.0383743748266	0.0522514843207	1.84706903924
11.007298952	-0.0383687143083	0.0520424418532	1.86821008592
11.140145344	-0.0384503806689	0.0524304299242	1.89279235117
11.2745950506	-0.0386923064475	0.0524247649603	1.91623897941
11.4106674222	-0.0386782817659	0.0523900276531	1.94025388623
11.5483820426	-0.0388932465645	0.0525024060702	1.96196417719
11.687758732	-0.0391464386616	0.0528454502625	1.98726273032
11.8288175499	-0.0392243737373	0.0528872202189	2.01103890314
11.9715787976	-0.0392323177359	0.0531975792028	2.03505975806
12.1160630218	-0.0393337577135	0.0532535446574	2.06017968266
12.2622910169	-0.0395460668047	0.0534265747725	2.08447172845
12.4102838284	-0.0396136720174	0.0532714758985	2.10817924857
12.5600627558	-0.0398099509116	0.0534254037846	2.13309971391
12.7116493555	-0.0400225021738	0.0538394177387	2.15957481537
12.8650654442	-0.0403209623369	0.0540177523762	2.18521149267
13.020333102	-0.0402843491691	0.0541297212179	2.21267482397
13.1774746753	-0.040576136361	0.0540594762723	2.23946753013
13.3365127802	-0.0407465065821	0.0544319044284	2.2658981654
13.497470306	-0.0407912013754	0.0544378161013	2.29236606388
13.6603704179	-0.0411873062274	0.0545638141832	2.32051362927
13.8252365609	-0.0412269250688	0.0549773506232	2.34813295009
13.9920924629	-0.0414691099838	0.0550660877452	2.37759237454
14.1609621381	-0.0418694302823	0.0552009860762	2.40560347461
14.3318698908	-0.0419025604728	0.0555849692755	2.43435458933
14.5048403183	-0.0420241550689	0.0552370025239	2.46138128254
14.6798983149	-0.0422589845537	0.0559452888409	2.49409587487
14.8570690753	-0.0422543890782	0.0560776029132	2.52348579315
15.0363780984	-0.0423897660364	0.0563174513636	2.55476287973
15.2178511907	-0.0427342926731	0.0562926229228	2.58448348035
15.4015144702	-0.0428722434152	0.0566385315723	2.61535995609
15.5873943702	-0.0429686774224	0.0567577180183	2.64850654717
15.7755176429	-0.0433901540686	0.0572208109605	2.68100919707
15.9659113634	-0.0436586937984	0.0573774617798	2.7128375687
16.1586029337	-0.0435580319343	0.0573202484594	2.74640456778
16.3536200862	-0.0439394885225	0.0579097374032	2.77599938182
16.5509908884	-0.0443476183489	0.0581551783338	2.81169166189
16.7507437463	-0.0444834618765	0.0581226487962	2.8447479182
16.9529074087	-0.0447575305908	0.0582979284609	2.87829350462
17.1575109716	-0.0449512273517	0.0587519185111	2.9143766343
17.3645838818	-0.0454513548587	0.0592544965882	2.94885421699
17.5741559418	-0.0454485502836	0.0592603194274	2.98388879712
17.7862573137	-0.0461012010778	0.0597570847724	3.02001988618
18.0009185236	-0.0463126396416	0.0601147614147	3.0573245483
18.2181704661	-0.0468237850447	0.0606142283942	3.09402191438
18.4380444084	-0.0469969320813	0.0608811606263	3.1309782836
18.6605719953	-0.0474702564541	0.0614605277801	3.16786416321
18.8857852536	-0.0475469937379	0.0613764148495	3.20551390675
19.1137165964	-0.0479405066323	0.0616055772042	3.24522502633
19.344398828	-0.0482904842137	0.0620714034489	3.28458082907
19.5778651489	-0.0486859034192	0.0623805239165	3.32340458141
19.81414916	-0.0489674207749	0.0628826276182	3.36355401236
20.0532848678	-0.0490996807063	0.0630590353829	3.40363900843
20.2953066893	-0.0494056460019	0.0634632943319	3.4452578897
20.5402494567	-0.0503756775279	0.064219546612	3.4855950448
20.7881484229	-0.0506821989383	0.0642436690803	3.52892279665
21.039039266	-0.0507528889063	0.0645876425548	3.57091898232
21.2929580947	-0.0514936191746	0.0652069583046	3.61289426058
21.5499414536	-0.0516825087808	0.0653781095713	3.65830128004
21.8100263283	-0.0520437810038	0.0659825365235	3.69990069362
22.0732501509	-0.0525658638885	0.0666815270935	3.74519432186
22.3396508051	-0.0532134699901	0.0672356346023	3.79153703957
22.6092666319	-0.0535214349932	0.0672676969253	3.8368868842
22.8821364349	-0.0539472735077	0.0677477016426	3.88291355845
23.1582994863	-0.0544442290528	0.0680662262245	3.92843705515
23.437795532	-0.0551517961817	0.0692067930467	3.97728693236
23.7206647977	-0.0555266676078	0.0694945033986	4.02255212436
24.0069479947	-0.0560513366473	0.0700024184062	4.07306497298
24.2966863253	-0.0565884989085	0.0705347831822	4.1228187432
24.5899214895	-0.0569833120745	0.0707761562009	4.17314680195
24.8866956902	-0.0577773641365	0.0715241049435	4.22163020769
25.1870516399	-0.0583365439111	0.072016397961	4.27160495622
25.4910325665	-0.0588131502591	0.0724549046099	4.32500521289
25.7986822196	-0.0595106039428	0.0734807375554	4.3744206599
26.1100448768	-0.0601661129811	0.0738422912287	4.42774245621
26.4251653502	-0.0609900192653	0.0747229415802	4.481449234
26.7440889925	-0.0617046461686	0.0754285018852	4.53533271591
27.066861704	-0.0622000282118	0.0758824687159	4.58760236286
27.3935299389	-0.0629810684606	0.0767046432313	4.64566228979
27.724140712	-0.063760138359	0.0774976798877	4.69976194993
28.0587416054	-0.0645104804026	0.078188914264	4.75723815355
28.3973807758	-0.0649956675889	0.078586309581	4.81551751708
28.7401069609	-0.0657133882923	0.0795828788788	4.87100357569
29.0869694865	-0.0663809627654	0.0800637701761	4.92981717342
29.4380182739	-0.0672607870772	0.0810317348959	4.98981240527
29.7933038468	-0.0681251606973	0.0818963162803	5.04976104815
30.1528773388	-0.0689076781427	0.0825667403938	5.11024438073
30.5167905003	-0.0699547370901	0.0837297186051	5.17216502765
30.8850957067	-0.0706933050454	0.0844385218922	5.23418620957
31.2578459653	-0.0714971444381	0.0849784236228	5.2968437414
31.6350949231	-0.0726508695442	0.0861895016229	5.35892727535
32.0168968745	-0.0734918656608	0.087018057975	5.42383836373
32.4033067695	-0.0742703874885	0.0877673426353	5.48761951616
32.7943802209	-0.0753203490608	0.0888806610655	5.55412871115
33.190173513	-0.0763484552227	0.090035354152	5.61949676213
33.5907436092	-0.0772423805329	0.0911519742704	5.68876575582
33.9961481605	-0.0785134437608	0.092067734814	5.75585409821
34.4064455135	-0.079396466297	0.093072101896	5.82548896883
34.8216947192	-0.0806192443848	0.0942240688394	5.89511883477
35.2419555413	-0.081523616638	0.0954208057056	5.96571199214
35.6672884644	-0.0829053765024	0.0966611852371	6.03664749204
36.0977547037	-0.0839340294141	0.097730426304	6.10888687572
36.5334162126	-0.0850037587808	0.0988910756018	6.18066627359
36.9743356926	-0.0865759467691	0.100231477022	6.25630369075
37.4205766018	-0.087799886488	0.101491898017	6.33084887266
37.8722031642	-0.088942391238	0.10286296235	6.40731994877
38.3292803789	-0.0904718514438	0.10426581346	6.48352292716
38.7918740295	-0.0918402690128	0.105600934434	6.56131327277
39.2600506935	-0.0933218338298	0.106747016204	6.63892797826
39.7338777519	-0.0947113076473	0.108441119822	6.71912429619
40.2134233989	-0.0959325064194	0.109616128416	6.79863635148
40.698756652	-0.0974378949614	0.110959116	6.88003984917
41.1899473612	-0.0992515375497	0.112990186789	6.96270803064
41.6870662199	-0.100830615055	0.114554984612	7.04469866678
42.1901847745	-0.10243577632	0.11606075427	7.13080444606
42.699375435	-0.104000378102	0.117842988446	7.21417606821
43.2147114853	-0.105619788948	0.119335930423	7.30073303286
43.7362670936	-0.107261782798	0.12093262092	7.38951714506
44.2641173235	-0.109010952725	0.122711441009	7.47741139255
44.7983381442	-0.110637862357	0.124429724571	7.56498229425
45.3390064421	-0.112473953106	0.126336967837	7.65565225446
45.8862000313	-0.114613039281	0.128214672017	7.74727382253
46.4399976653	-0.116416335631	0.130135759701	7.83853464272
47.0004790477	-0.118680442709	0.132426426008	7.93258399418
47.5677248442	-0.12061528213	0.134130042322	8.02656831149
48.1418166943	-0.122922186507	0.136439255684	8.12249220029
48.7228372225	-0.124808331464	0.138567234499	8.21946625344
49.3108700505	-0.127228632997	0.140674862647	8.31401252727
49.9059998094	-0.129399758856	0.143205679205	8.41394933725
50.5083121515	-0.131627547954	0.145346867278	8.51504761902
51.1178937631	-0.133903628646	0.147604861154	8.61699571089
51.7348323764	-0.136250666375	0.150007135135	8.71869439721
52.3592167826	-0.138588155903	0.152433260084	8.82276612106
52.9911368446	-0.141237679763	0.15467892972	8.92838429684
53.6306835097	-0.143755049507	0.157437807055	9.03317633884
54.2779488229	-0.146299183472	0.160175713213	9.14034530866
54.93302594	-0.149218143811	0.162991226281	9.24852857116
55.5960091412	-0.151511077962	0.16550168385	9.35714121313
56.2669938446	-0.154521164058	0.168058899129	9.46785345404
56.9460766198	-0.157450726732	0.171278579964	9.58010711667
57.6333552018	-0.160417358502	0.174007258286	9.69501391529
58.3289285054	-0.163601869904	0.177159618302	9.80754374935
59.032896639	-0.166521063395	0.180035029036	9.92513501717
59.7453609194	-0.169693220508	0.183212652517	10.0419840141
60.4664238858	-0.172933509645	0.186473615546	10.1603023058
61.1961893154	-0.176249966462	0.190098087147	10.2803363611
61.9347622377	-0.179576352036	0.193335726974	10.4032959741
62.6822489496	-0.18319423018	0.196958431351	10.5236496886
63.4387570312	-0.186473365698	0.199965755211	10.6484179998
64.2043953608	-0.190029451098	0.203749370236	10.7735737455
64.9792741307	-0.193783212082	0.207637812373	10.8999789986
65.7635048633	-0.197954319297	0.211628441086	11.02739654
66.5572004269	-0.201863779976	0.215254777687	11.1585246371
67.3604750517	-0.205685728595	0.219216726409	11.289381022
68.173444347	-0.209557823348	0.223180353792	11.4220435494
68.9962253171	-0.213757254939	0.227578273731	11.555986419
69.8289363785	-0.21814158007	0.2318544719	11.6910553466
70.6716973767	-0.222540914326	0.235910494185	11.8281179583
71.524629604	-0.227034664879	0.240533507207	11.9666025716
72.3878558161	-0.231383801237	0.244822852893	12.1065461284
73.2615002505	-0.236175881312	0.249781336515	12.2495367814
74.1456886442	-0.241067499046	0.254993238386	12.3928033804
75.0405482514	-0.245579851106	0.259212436212	12.5343031347
75.9462078624	-0.250939254611	0.264829891269	12.6821412753
76.8627978217	-0.255665618042	0.269301839109	12.8306510179
77.790450047	-0.260978728809	0.274566973116	12.9790216547
78.7292980481	-0.266517614123	0.280223389274	13.1309051354
79.6794769461	-0.272115413962	0.285578304062	13.2824371422
80.6411234928	-0.277934086238	0.291627708867	13.4388446999
81.6143760907	-0.283658940049	0.297423176301	13.5937148452
82.5993748124	-0.289618479843	0.303101487059	13.7499127362
83.5962614211	-0.295551699724	0.309260659485	13.9109668495
84.6051793909	-0.301556697168	0.315130428008	14.071812064
85.6262739276	-0.307903698651	0.321439366891	14.235077466
86.6596919895	-0.314136013156	0.327534158401	14.400912277
87.7055823083	-0.32107972447	0.334399172961	14.565696141
88.764095411	-0.327618844821	0.34088554556	14.7317989071
89.835383641	-0.334601092166	0.347899696223	14.9021403169
90.9196011807	-0.341272489811	0.35465087441	15.0741379286
92.016904073	-0.348160152181	0.362019034675	15.2472711042
93.1274502442	-0.356074871703	0.369354552251	15.424369081
94.2513995266	-0.363491190905	0.377079375511	15.6001531219
95.3889136815	-0.371190255975	0.384362793285	15.7795026657
96.5401564225	-0.379006746467	0.392425633783	15.9594740557
97.7052934391	-0.38690344269	0.400362014777	16.141385095
98.8844924203	-0.395174961025	0.408699682501	16.3253698174
100.077923079	-0.403411433968	0.416816337164	16.5126811755
101.285757177	-0.412094065586	0.425446098459	16.6995421984
102.508168547	-0.420530248765	0.43398905395	16.8885149562
103.745333123	-0.429906027605	0.443256746733	17.0800558279
104.99742896	-0.438688711861	0.452013112278	17.2749380427
106.264636261	-0.448300872584	0.461725579067	17.471763362
107.547137407	-0.458002781928	0.471399286034	17.6684750223
108.845116978	-0.467485523516	0.480671745347	17.8666566233
110.158761782	-0.47761492062	0.491069406315	18.0681679291
111.488260882	-0.487542422795	0.500958911485	18.2726043556
112.833805622	-0.498140946552	0.511466944058	18.4788073759
114.195589656	-0.508907603681	0.522343473272	18.6850611405
115.573808975	-0.519526996719	0.532981254371	18.8951838844
116.968661935	-0.530670652178	0.544154634418	19.1041129234
118.380349287	-0.541948722081	0.555840152927	19.3185296544
119.809074205	-0.553704826515	0.566907221868	19.5326179135
121.255042312	-0.565578327597	0.578932457346	19.7517076006
122.718461717	-0.577583016638	0.591044842995	19.9711426372
124.199543037	-0.589949306459	0.603309759835	20.1928788315
125.698499434	-0.602447832763	0.616088050092	20.4152733894
127.215546641	-0.615250445887	0.628918529512	20.6412360228
128.750902993	-0.628589293469	0.642074285772	20.8682985175
130.304789465	-0.6419636039	0.655509492454	21.094559723
131.877429693	-0.655415441035	0.669108874062	21.3280649512
133.469050016	-0.66968403126	0.683171173467	21.5608533902
135.079879504	-0.684016720375	0.697462933681	21.7955902091
136.710149991	-0.698740402525	0.71196700449	22.0343166171
138.360096109	-0.713062161762	0.726375813412	22.2752765627
140.029955321	-0.728304009565	0.741699542479	22.5159758746
141.719967959	-0.743936876737	0.75747766395	22.7604621626
143.430377251	-0.759552882821	0.77314730121	23.005164361
145.161429365	-0.775863196371	0.789554440556	23.2529534347
146.913373437	-0.792099714026	0.805853006989	23.5032536335
148.68646161	-0.809229144858	0.823015105941	23.7557671851
150.480949072	-0.826080793017	0.839720582719	24.0082402526
152.297094089	-0.843629942619	0.857055048594	24.2640638882
154.135158045	-0.861798410557	0.875083347912	24.5232394649
155.995405479	-0.880019932457	0.893366292739	24.7829775237
157.87810412	-0.898674130247	0.912282728364	25.0459496467
159.783524932	-0.917788845139	0.931140582935	25.3078321666
161.711942146	-0.936799710442	0.950097109686	25.5757396325
163.663633306	-0.956367804471	0.969722112104	25.8440584806
165.638879302	-0.976615658803	0.989905547605	26.1135251269
167.637964416	-0.997001386368	1.0105217501	26.384459191
169.661176362	-1.01799525379	1.03146851578	26.6593459575
171.708806324	-1.03927922397	1.05271331555	26.9357752864
173.781149002	-1.06053866058	1.07418596544	27.212036374
175.878502653	-1.08302160577	1.09660246905	27.4925904539
178.001169131	-1.10558021343	1.11919403714	27.7736195724
180.149453936	-1.12847953472	1.1419813531	28.0587948422
182.323666254	-1.15169531863	1.16519275833	28.3434098076
184.524119003	-1.17560461539	1.18899095672	28.6311005893
186.751128876	-1.19984264946	1.21336484955	28.9194098337
189.00501639	-1.22410116171	1.23767577252	29.2108581476
191.286105929	-1.2493312704	1.26277518351	29.503213539
193.594725792	-1.27491908084	1.28829206918	29.7980228865
195.931208243	-1.30122009615	1.31453779432	30.094683374
198.295889551	-1.32768143801	1.34121037318	30.3932484474
200.689110048	-1.35457347325	1.36772585755	30.6913999085
203.111214172	-1.38237611477	1.3958400175	30.9954361476
205.562550516	-1.41037676757	1.42393491761	31.2976662328
208.043471882	-1.4388034934	1.45232500379	31.6028343369
210.554335332	-1.46761026496	1.48118446536	31.9101583887
213.095502232	-1.4972441312	1.51069427288	32.2181924423
215.667338315	-1.52693655057	1.54053369083	32.5273591911
218.270213724	-1.55780880355	1.5714864667	32.8381791809
220.904503071	-1.58858618766	1.60201507562	33.1531178897
223.570585489	-1.62000304383	1.6335247173	33.4664715432
226.268844686	-1.6521790201	1.66573448638	33.7843632365
228.999669002	-1.68490943214	1.69807306062	34.1010880955
231.763451463	-1.71758728771	1.73119162618	34.4183525146
234.560589839	-1.75166590017	1.76514241843	34.7381263188
237.391486701	-1.78581476535	1.79942034082	35.0605293014
240.256549477	-1.82023121123	1.83409189346	35.3820825927
243.156190514	-1.8556408541	1.86910389581	35.7069005149
246.090827134	-1.89169356015	1.90535289524	36.0334723907
249.060881698	-1.92816227775	1.94174189724	36.3587039178
252.066781661	-1.96500695778	1.97843917515	36.6856357099
255.10895964	-2.0027031321	2.01620817392	37.0149261183
258.187853472	-2.04074028996	2.05423744326	37.3446008932
261.303906277	-2.07924600721	2.09293131465	37.6765650893
264.457566527	-2.11879222145	2.13252605475	38.0086462944
267.649288101	-2.15844940593	2.17212521925	38.3405356885
270.879530361	-2.19926235792	2.21269876414	38.6734122236
274.148758209	-2.240235859	2.25377676854	39.0078877808
277.457442161	-2.28189917914	2.29543755149	39.3425044865
280.806058408	-2.32433265513	2.33756901096	39.6791697874
284.195088893	-2.36701121521	2.38050161715	40.0153616919
287.625021372	-2.41051068548	2.42403517447	40.3525886185
291.096349487	-2.45457144926	2.46817787164	40.69101186
294.609572842	-2.49926388396	2.51302101514	41.0299218812
298.165197065	-2.54473424953	2.5580631647	41.3691862316
301.763733892	-2.59053029539	2.60409311569	41.7081079827
305.405701231	-2.63745781845	2.65085329261	42.048293218
309.091623243	-2.68439070778	2.6978224224	42.3876156899
312.822030413	-2.73191175093	2.7454456225	42.7281201203
316.597459631	-2.78048139305	2.79388164805	43.0694516145
320.418454264	-2.8297625252	2.84330486449	43.4121299098
324.285564238	-2.87939594389	2.89262753387	43.7528119675
328.199346118	-2.92915844752	2.94272156914	44.0942626272
332.160363182	-2.98051050009	2.99352234886	44.4391215768
336.169185509	-3.03151683434	3.04488534666	44.7816693976
340.226390059	-3.08392977171	3.09702959633	45.1206412973
344.332560753	-3.13629538474	3.14961003709	45.4621083856
348.488288559	-3.18978285496	3.20305000932	45.8049296758
352.694171581	-3.24393767942	3.25705810672	46.1482046107
356.950815138	-3.2982426695	3.31153373691	46.4872456594
361.258831856	-3.35350693551	3.36688895722	46.8284410363
365.618841754	-3.4089492183	3.42269480072	47.1685793064
370.031472335	-3.46594377425	3.47934449698	47.5112728471
374.497358673	-3.52282797924	3.53595020326	47.8508559648
379.01714351	-3.58043523528	3.59398397614	48.1888587836
383.591477344	-3.63884698782	3.65241167997	48.5303519685
388.221018522	-3.69750893396	3.71125196384	48.8666792217
392.906433338	-3.75715070763	3.77083182185	49.205130641
397.648396128	-3.81737992887	3.83120948649	49.5437842123
402.447589366	-3.87779392195	3.89159628612	49.8809765638
407.304703763	-3.93945551004	3.95292526775	50.2176030545
412.220438364	-4.0017082698	4.01474246313	50.5524321351
417.195500655	-4.06417901694	4.07770519733	50.8884612901
422.230606656	-4.12732344557	4.14055887083	51.2231383736
427.326481031	-4.19086467197	4.20409747259	51.5534958166
432.483857191	-4.25527628204	4.26888880051	51.8855108093
437.703477396	-4.32037631054	4.33376778679	52.2169044586
442.986092866	-4.38491490364	4.39874440416	52.5465245016
448.332463887	-4.45160775097	4.46494081865	52.8739422388
453.743359919	-4.51838017956	4.53194315381	53.2027702246
459.219559713	-4.58554193861	4.59900277987	53.5295657443
464.761851414	-4.65334861084	4.66666217211	53.8568018047
470.371032681	-4.72205432754	4.73508095482	54.1808572415
476.047910801	-4.7905732524	4.80413272577	54.5044786094
481.793302802	-4.86011324137	4.8733954195	54.8220801773
487.608035575	-4.92982279488	4.94301222674	55.1463112337
493.492945988	-5.00020060286	5.01362726204	55.4638861205
499.448881011	-5.07110220004	5.08451508351	55.780388013
505.476697836	-5.14276542211	5.15605230131	56.0973698451
511.577263999	-5.21564384764	5.22885273582	56.4123927583
517.751457507	-5.2877448488	5.30071835913	56.7259819052
524.000166965	-5.36122229639	5.37455185137	57.0384761089
530.324291701	-5.43424956145	5.44794521876	57.3441163199
536.724741896	-5.50843697108	5.52199971814	57.6562985781
543.202438718	-5.58417851548	5.59725571148	57.9632737751
549.758314452	-5.65895673392	5.67203514803	58.2712468552
556.393312634	-5.73437455111	5.74786844217	58.5698897508
563.108388187	-5.81074500426	5.82452065621	58.874184416
569.904507561	-5.88738952738	5.90076713361	59.1740130593
576.782648867	-5.96492862195	5.9780900735	59.4713758116
583.743802025	-6.04233821532	6.05568484648	59.768786103
590.788968898	-6.12019277818	6.13359822915	60.0640537571
597.919163442	-6.19928537467	6.21223912534	60.3576168503
605.135411851	-6.27789270337	6.29092984259	60.6505855406
612.438752704	-6.35688284873	6.3703741757	60.9404310408
619.830237114	-6.43641948791	6.44970343954	61.2282736642
627.31092888	-6.5176793757	6.53098196696	61.5114912851
634.88190464	-6.59854959706	6.61153814576	61.7963070439
642.544254025	-6.67957059485	6.69273497662	62.0773205403
650.299079819	-6.76138880816	6.77516258171	62.355133543
658.147498112	-6.84362821336	6.85665902727	62.6355471913
666.090638468	-6.92649707738	6.93974781738	62.9157613439
674.12964408	-7.008235219	7.02132168127	63.187033659
682.26567194	-7.09162839203	7.10517393836	63.4610148999
690.499893003	-7.17539547671	7.18861948629	63.7285675916
698.833492358	-7.25917729235	7.27280883579	63.9960250904
707.267669394	-7.34361247947	7.35728332611	64.2623059772
715.803637977	-7.42801690652	7.44196590364	64.5242628099
724.442626622	-7.51329369324	7.52689994953	64.7923108737
733.185878673	-7.59889551691	7.6127261483	65.0504930936
742.034652478	-7.68515890552	7.69848265914	65.3084796249
750.990221571	-7.77154461855	7.78476715388	65.5661538573
760.05387486	-7.85799698417	7.87139507404	65.8200832062
769.226916804	-7.94418381655	7.95789729743	66.0710324437
778.510667609	-8.03171648729	8.04509331941	66.3231397953
787.906463412	-8.11933376326	8.13257173798	66.5705396072
797.415656479	-8.20750017683	8.22118781863	66.8146045489
807.039615393	-8.29541323137	8.30841346976	67.0573874909
816.779725255	-8.38381779342	8.39753935756	67.3051676124
826.637387885	-8.47289600992	8.48636654924	67.5378576984
836.614022019	-8.56160134911	8.57531475811	67.7806455607
846.711063517	-8.65216022246	8.66522646185	68.0161406569
856.929965568	-8.74204733852	8.75502447147	68.2484033043
867.272198898	-8.83094983174	8.84504995587	68.4781074274
877.739251986	-8.92236832096	8.93629490976	68.7080606078
888.332631272	-9.01174995043	9.02532735346	68.9357620639
899.05386138	-9.10310228918	9.1166411003	69.1595588399
909.904485334	-9.19373362538	9.20702137932	69.3886780546
920.886064779	-9.28575569122	9.29919267593	69.6059394027
932.000180209	-9.37603639652	9.39014790832	69.8192931743
943.248431192	-9.46905609852	9.48272141117	70.0437973863
954.632436601	-9.56114792264	9.57475048792	70.2565194467
966.153834849	-9.65311087166	9.66659850593	70.475381491
977.814284121	-9.74699839845	9.7602324073	70.6852024963
989.615462615	-9.83855237739	9.85247782884	70.889526848
1001.55906878	-9.93144548047	9.94516879321	71.0993311209
1013.64682157	-10.0238689085	10.0374223674	71.3029758537
1025.88046069	-10.1201945705	10.1337700489	71.506896182
1038.26174681	-10.2127991019	10.2260623415	71.7125203748
1050.79246189	-10.3058150577	10.3196604941	71.9086074165
1063.47440938	-10.3997047541	10.4136704699	72.10461877
1076.30941448	-10.4950350019	10.5083672605	72.2984780654
1089.29932445	-10.5891251222	10.6028635053	72.49161547
1102.44600882	-10.6841616027	10.6983340618	72.6796569603
1115.75135968	-10.7790485095	10.7931067814	72.8872027642
1129.21729198	-10.8737448838	10.8870775718	73.0679328851
1142.84574376	-10.9709256139	10.9845932407	73.2498441823
1156.63867645	-11.0642686124	11.0780186261	73.4383157498
1170.59807518	-11.1611897906	11.1747720835	73.6191693116
1184.72594901	-11.2567346118	11.2709579289	73.8011227715
1199.02433124	-11.3533801772	11.3669156072	73.9727597502
1213.49527974	-11.4489785466	11.463022253	74.1450957862
1228.14087721	-11.5470002145	11.5603403514	74.3212285828
1242.96323145	-11.6414818831	11.6556262051	74.4976390751
1257.96447575	-11.7397024299	11.7530982662	74.6724578901
1273.14676912	-11.8370071121	11.8511967291	74.8403339579
1288.51229661	-11.9320472621	11.9462361743	75.0120433001
1304.06326969	-12.0306843654	12.0442544612	75.1737427334
1319.80192647	-12.1284874114	12.141791452	75.3388855959
1335.7305321	-12.2248190248	12.2384883302	75.5065922997
1351.85137906	-12.3237786774	12.3372309422	75.6615459522
1368.16678749	-12.4210196558	12.4348004733	75.8256869547
1384.67910556	-12.5188590992	12.5328428117	75.9684110829
1401.39070974	-12.6168208254	12.6312107325	76.1241819709
1418.30400521	-12.7144044642	12.7275623004	76.2845289124
1435.42142618	-12.8159747986	12.8276983611	76.4496468246
1452.7454362	-12.9124026129	12.9264261071	76.5920921135
1470.27852861	-13.0101366487	13.0247434336	76.7378908898
1488.02322679	-13.108513444	13.1233162875	76.8878381537
1505.98208461	-13.2089139984	13.2225381399	77.0238504386
1524.15768674	-13.307550788	13.3217045974	77.1814473438
1542.55264907	-13.4053875336	13.4195707576	77.3156386919
1561.16961902	-13.5045920216	13.5190040473	77.456437703
1580.011276	-13.6024050591	13.6170387295	77.6008618288
1599.08033174	-13.7010191093	13.715391132	77.7318855896
1618.37953071	-13.8020712493	13.8160800755	77.8754342213
1637.91165048	-13.9036537409	13.9175504544	78.0117856416
1657.67950216	-14.0018622063	14.0156061458	78.1307681174
1677.6859308	-14.1039770659	14.1175634773	78.2811507598
1697.93381574	-14.2009784304	14.215711951	78.4073353385
1718.42607113	-14.3053040738	14.319037873	78.5408287191
1739.16564624	-14.4015258085	14.416447875	78.6523283445
1760.15552597	-14.5040627904	14.5179462056	78.7879393902
1781.39873123	-14.6030843925	14.6173608705	78.9131997194
1802.89831938	-14.7013565672	14.7159824677	79.0366463193
1824.65738469	-14.8024888514	14.8175469889	79.1587844714
1846.67905878	-14.9037157987	14.917733596	79.2750283016
1868.96651106	-15.0041693391	15.0187218968	79.3882916023
1891.52294918	-15.1057223685	15.1210668773	79.5156782107
1914.35161952	-15.2044400647	15.2187647227	79.6305712958
1937.45580764	-15.3044211589	15.3190400617	79.758709612
1960.83883873	-15.4090613666	15.4222726992	79.8520573137
1984.50407814	-15.5080235798	15.5221637178	79.9657600568
2008.45493182	-15.6072763301	15.6221921985	80.0880710675
2032.69484684	-15.7074456938	15.7221986414	80.1889482349
2057.22731184	-15.8119261525	15.8261849305	80.298713497
2082.05585762	-15.9111154449	15.9260660849	80.4089902997
2107.18405753	-16.0094691082	16.0244512133	80.5262639823
2132.61552809	-16.1098195973	16.1251136875	80.6189953155
2158.35392945	-16.2124723731	16.2277753639	80.7052368019
2184.40296595	-16.3152603653	16.3305309736	80.8164840539
2210.76638661	-16.4149383641	16.4309143515	80.918412869
2237.44798573	-16.5193996807	16.5341823975	81.0291010938
2264.45160337	-16.62041748	16.6346012638	81.1197891572
2291.78112595	-16.7227782152	16.737439003	81.2182961303
2319.44048681	-16.8223499152	16.8368246481	81.3212465822
2347.43366673	-16.9242657355	16.9392907713	81.4201334439
2375.76469457	-17.0249149771	17.0400254442	81.4949482582
2404.43764778	-17.1267139304	17.1418161129	81.6010804872
2433.45665305	-17.2295052507	17.2454893348	81.6883244664
2462.82588684	-17.3307566291	17.3457089024	81.7910525809
2492.54957605	-17.4310555054	17.445820077	81.8774845274
2522.63199858	-17.5344175108	17.5499538554	81.966599812
2553.07748396	-17.6363513894	17.6519438572	82.0574306483
2583.89041397	-17.7393639331	17.754569644	82.1417745109
2615.07522327	-17.8383904674	17.8535009366	82.2276378265
2646.63640005	-17.9427369202	17.9583686348	82.3010338828
2678.57848668	-18.0414955814	18.0566647116	82.4007434074
2710.90608031	-18.1428285553	18.1591463259	82.4827702362
2743.62383363	-18.2475910227	18.2633186524	82.5534488788
2776.73645543	-18.3482944973	18.3637758396	82.6379035158
2810.24871135	-18.4517747207	18.4677980058	82.7314062461
2844.16542457	-18.5530892931	18.5688402894	82.7771009156
2878.49147644	-18.6580338566	18.6739836525	82.8741764737
2913.23180726	-18.759518228	18.7762008084	82.9488808867
2948.39141692	-18.8613409328	18.8774899862	83.0484174882
2983.97536568	-18.9627017222	18.9786893209	83.1115915722
3019.98877485	-19.0667395887	19.0832968181	83.189710298
3056.43682757	-19.1730665734	19.1887073765	83.2689662085
3093.32476953	-19.2764987439	19.2936427836	83.3423065625
3130.65790971	-19.3736717314	19.389623605	83.3942820902
3168.4416212	-19.4780060143	19.4943911804	83.4602143718
3206.68134189	-19.5787091309	19.5947001423	83.5490262113
3245.38257535	-19.6820042086	19.6987430896	83.6051373008
3284.55089154	-19.7867940852	19.804108046	83.6773848657
3324.19192764	-19.8833390011	19.8998959456	83.7598213129
3364.31138889	-19.9873354576	20.0046876531	83.8174835353
3404.91504938	-20.0927085639	20.1098413935	83.8765732397
3446.00875286	-20.1951162136	20.211962674	83.9339588215
3487.59841364	-20.3003328013	20.3165383578	84.0157987155
3529.6900174	-20.4037425903	20.4209250618	84.0468762191
3572.28962204	-20.5015627926	20.5184039113	84.1449089449
3615.40335861	-20.6037625049	20.6209998961	84.1911840928
3659.03743213	-20.7082957294	20.7255963144	84.2557873184
3703.19812251	-20.8087072038	20.8260789672	84.3130777309
3747.89178546	-20.9149138741	20.9318684227	84.3797095672
3793.12485339	-21.0146005819	21.0320994121	84.4326349976
3838.90383634	-21.1206852418	21.1376724233	84.4919471065
3885.23532293	-21.2221149347	21.2405662942	84.5594586143
3932.12598129	-21.3267740059	21.3452310884	84.6226059543
3979.58256003	-21.4296527168	21.4469755968	84.6655336858
4027.6118892	-21.5317028254	21.5499893011	84.7266433567
4076.22088129	-21.6376933106	21.6556036679	84.7838834809
4125.41653222	-21.7375400492	21.7562375851	84.8214859821
4175.20592234	-21.8381308287	21.8561965085	84.9071868044
4225.59621745	-21.9391487154	21.9576825581	84.940995053
4276.59466983	-22.041997933	22.0599816812	84.9886225814
4328.20861929	-22.1466988875	22.1647614438	85.0259320353
4380.44549423	-22.2530309741	22.2715648668	85.097395963
4433.31281269	-22.3579600919	22.3751842421	85.1398746882
4486.81818347	-22.4642140695	22.483762272	85.2050035152
4540.96930716	-22.5667312072	22.582786378	85.2172025141
4595.77397733	-22.6712159922	22.6906952375	85.2776473012
4651.24008159	-22.7711646036	22.7893976239	85.3014170223
4707.37560273	-22.8736006789	22.8934253765	85.3756511601
4764.18861991	-22.9727335866	22.991136233	85.4042378598
4821.68730979	-23.0723071888	23.0923698531	85.4666955553
4879.8799477	-23.1868446314	23.2026203899	85.5006307937
4938.77490886	-23.2870415482	23.3073222787	85.5875445112
4998.38066957	-23.3960076485	23.4123811961	85.6350323625
5058.70580842	-23.4915731289	23.511006544	85.6762984217
5119.75900755	-23.5968104433	23.6144381478	85.6847926254
5181.54905385	-23.6935758066	23.7141660422	85.7552630089
5244.0848403	-23.8037405991	23.8228579003	85.7765452936
5307.37536718	-23.9061674919	23.9261998015	85.8262578385
5371.42974341	-24.0073102273	24.0288273565	85.8668289671
5436.25718784	-24.1114688936	24.132734685	85.9418624771
5501.86703058	-24.2184069934	24.2398399758	85.9310788401
5568.26871435	-24.3269987815	24.3414333399	85.9711450943
5635.47179582	-24.4252113751	24.446941124	86.0102495789
5703.48594701	-24.5327217083	24.5510382135	86.066141183
5772.32095667	-24.6294298763	24.6510969944	86.0994796834
5841.98673169	-24.7319708007	24.754408153	86.205991632
5912.49329853	-24.8464085605	24.8567998119	86.1983699873
5983.85080464	-24.9429583281	24.9655892816	86.1883475971
6056.06951997	-25.0499320924	25.068832309	86.2616921698
6129.15983838	-25.1517669855	25.1730852686	86.2334671358
6203.1322792	-25.2535514911	25.2753871403	86.3421753136
6277.99748871	-25.3718325383	25.3836809687	86.3796282824
6353.76624169	-25.4673701851	25.4894747252	86.4044055243
6430.44944292	-25.5652711108	25.5873033139	86.447361468
6508.05812885	-25.6790958992	25.6905690321	86.4685956036
6586.60346908	-25.7729622836	25.7958249879	86.4993683023
6666.09676803	-25.8801683842	25.900536035	86.5524587734
6746.54946655	-25.9707145899	25.9936864041	86.5111913316
6827.97314359	-26.078851782	26.1028415283	86.6285000582
6910.37951781	-26.1858967425	26.2040734303	86.6598720307
6993.78044932	-26.2886392189	26.3121418763	86.701737559
7078.18794139	-26.3878468347	26.4127391895	86.6912639975
7163.61414211	-26.5013280118	26.5185202505	86.7111920622
7250.07134623	-26.5946892643	26.6192227067	86.7435236071
7337.57199685	-26.6870739273	26.7132823209	86.7215987098
7426.12868727	-26.8037635362	26.8219593383	86.8289032053
7515.75416276	-26.8941001106	26.9189183369	86.8453448522
7606.46132242	-27.0059541014	27.0310375409	86.8481902372
7698.26322102	-27.1155971148	27.1366363942	86.885548684
7791.17307092	-27.213479021	27.2330821675	86.8885706226
7885.20424389	-27.3133950488	27.3396373076	86.9654651763
7980.37027311	-27.419197219	27.4424546726	86.9400729558
8076.6848551	-27.5353208736	27.5510394838	87.0190020318
8174.16185166	-27.6206148488	27.6463613068	87.0579796143
8272.81529191	-27.7306289764	27.7569969421	87.0531581144
8372.65937425	-27.8430907344	27.8586832095	87.0752009527
8473.70846849	-27.9403381481	27.9647469882	87.1659394418
8575.97711782	-28.0303782682	28.0570307545	87.1459348005
8679.48004099	-28.1524455056	28.1765595224	87.1222633744
8784.23213437	-28.2536812753	28.2716902232	87.1796810106
8890.24847411	-28.3396628663	28.3669964103	87.1878427976
8997.54431832	-28.4565291115	28.4847538701	87.2491262428
9106.13510925	-28.5562517061	28.5789835421	87.2530670922
9216.03647555	-28.6433622168	28.6672925496	87.268511048
9327.26423446	-28.7438766545	28.7712785406	87.244812322
9439.83439412	-28.8483544012	28.8763161536	87.233873461
9553.7631559	-28.9643270005	28.9838782816	87.2641707131
9669.06691666	-29.0784782889	29.1044758627	87.3685836623
9785.76227119	-29.1668952388	29.1950067671	87.3753751051
9903.86601454	-29.277965845	29.3070681329	87.4363140311
10023.3951445	-29.3817078113	29.4040947316	87.3207568386
10144.3668639	-29.4891812585	29.5144945012	87.4968751877
10266.7985833	-29.5924964372	29.6230723245	87.4413085969
10390.7079233	-29.6895063092	29.7191152445	87.5448153636
10516.1127173	-29.7892997561	29.8159876105	87.493459875
10643.0310138	-29.9114714955	29.9340918564	87.4635894923
10771.4810792	-29.9915176435	30.022149994	87.5971141315
10901.4814002	-30.1018246632	30.1317871881	87.6304038734
11033.0506869	-30.2065209506	30.2373181546	87.6078122529
11166.2078749	-30.323560232	30.3426243755	87.6103231514
11300.9721286	-30.4291032974	30.4584426286	87.5994152151
11437.3628435	-30.5287709417	30.5606068841	87.698582943
11575.3996492	-30.636195764	30.6672939383	87.6316160931
11715.1024125	-30.7121017686	30.7434523728	87.6796886767
11856.4912394	-30.8460805584	30.8636506383	87.6636218911
11999.5864792	-30.9277383703	30.9593850464	87.7239990433
12144.4087263	-31.0298317761	31.0624652368	87.7610671844
12290.9788239	-31.131254564	31.1639421502	87.819302964
12439.3178667	-31.2347681999	31.2665718284	87.6681158806
12589.4472041	-31.3680300404	31.3838414944	87.6754342858
12741.3884428	-31.4475660952	31.4798247275	87.6998835653
12895.1634507	-31.5539001152	31.5868988333	87.9260480778
13050.7943594	-31.644901443	31.6768083737	87.8560977229
13208.3035677	-31.7624743568	31.7958761539	87.8581485381
13367.7137446	-31.8726330728	31.8986516998	87.7483723041
13529.0478327	-31.9533431545	31.9842186919	87.8174514008
13692.3290518	-32.06597394	32.1003390375	87.786886036
13857.5809015	-32.1700074519	32.203293247	87.8655403287
14024.8271653	-32.2973895629	32.3316493884	87.966647548
14194.0919137	-32.3950342904	32.4299609639	87.9507224015
14365.3995075	-32.5073965536	32.5291046325	87.9284024147
14538.7746018	-32.599488659	32.6334042731	87.9145359611
14714.2421491	-32.6731025841	32.7087831213	87.8561593346
14891.8274031	-32.803056854	32.8378343827	87.9944171329
15071.5559222	-32.9054188576	32.9406567302	88.1124490934
15253.4535734	-33.000109751	33.0355309754	87.9079214136
15437.5465359	-33.1170507305	33.1444414432	88.1168961701
15623.8613045	-33.2144259389	33.2479765264	88.0441603612
15812.4246944	-33.2940881978	33.3308741071	88.1483217995
16003.2638437	-33.4101263999	33.4465964715	87.8756443489
16196.4062187	-33.5429043293	33.5802226906	87.9589131369
16391.8796167	-33.6415430578	33.67907427	88.0978827223
16589.7121707	-33.7053553789	33.7417017178	88.1835672635
16789.9323533	-33.8418777471	33.8647195627	88.0163932008
16992.5689805	-33.9686828796	34.0060952416	88.0563904472
17197.6512163	-34.0440204168	34.0812832168	88.0912518891
17405.2085766	-34.1469864653	34.1843939501	88.1388378255
17615.2709335	-34.245943906	34.2823801298	88.0627417434
17827.8685197	-34.3364860687	34.3744794677	88.0600414643
18043.0319326	-34.4643661663	34.5032200991	88.1868001213
18260.7921391	-34.5748116253	34.6045948451	88.0259998214
18481.1804796	-34.6838898987	34.7212420192	88.2026597229
18704.2286731	-34.7664769546	34.805618229	88.208892907
18929.968821	-34.8872249316	34.9255958577	88.3765789532
19158.4334125	-34.9649318472	35.0038145941	88.1800538208
19389.6553286	-35.0988580836	35.1267028438	88.1514798031
19623.6678473	-35.1418694942	35.182478254	88.0655703514
19860.5046482	-35.2883770268	35.3293446048	88.0448562904
20100.1998175	-35.3911987499	35.4206848105	88.265261694
20342.7878525	-35.5029159596	35.541925822	87.9789831118
20588.3036671	-35.5709444739	35.6117270953	88.0988082523
20836.7825965	-35.7134772061	35.7543384266	88.2857113405
21088.2604023	-35.8233786911	35.865073483	88.1479379377
21342.7732777	-35.9264489774	35.9537633111	88.0784246896
21600.3578529	-35.9939064868	36.0358485056	88.3281888206
21861.0512	-36.1079615452	36.1496777272	88.1919824299
22124.8908385	-36.2360250475	36.2775808412	88.3541537499
22391.9147409	-36.3118570232	36.3389473764	88.3687581668
22662.1613378	-36.4235044051	36.4657758053	88.4859259002
22935.6695237	-36.5214566023	36.5638394123	88.0030995401
23212.4786625	-36.6119009219	36.655372924	88.2295031959
23492.6285932	-36.7230406028	36.7657410507	88.0802667745
23776.1596357	-36.837968782	36.8697124339	88.2847513235
24063.1125963	-36.9372285896	36.9811730456	88.5536168469
24353.528774	-37.0304801855	37.0737661273	88.2769183325
24647.449966	-37.1307949848	37.1747243382	87.9721108186
24944.9184743	-37.2129477647	37.2550576839	88.3935207292
25245.9771111	-37.3773168856	37.4119166618	88.5176269881
25550.6692055	-37.4418072242	37.4882497015	88.1600617098
25859.0386094	-37.5473694172	37.5927800293	88.2022179522
26171.129704	-37.6487356542	37.6930194016	88.4532445263
26486.9874063	-37.8045710584	37.8475135785	88.1620120325
26806.6571751	-37.8678737547	37.9059073958	88.5889785441
27130.185018	-37.9289384133	37.976968425	88.0282958663
27457.617498	-38.0534249804	38.1002973475	88.4780368758
27789.0017397	-38.1328141989	38.1811823272	88.6393645412
28124.3854368	-38.2936042545	38.3401372942	88.4431419567
28463.8168584	-38.3669503803	38.4128348774	88.3781346299
28807.3448563	-38.5295569105	38.5648779206	88.5827314592
29155.0188718	-38.6123062697	38.6602583799	88.4546512578
29506.8889429	-38.6276050837	38.6763722381	88.3244852507
29863.0057116	-38.7610692993	38.8089526278	88.1652804816
30223.4204309	-38.9322512192	38.9802202994	88.292400907
30588.1849726	-39.0281437617	39.0666625589	88.3880675346
30957.3518344	-39.0830324049	39.1322033279	88.0612442611
31330.9741475	-39.2565033344	39.3064288397	88.5005498885
31709.1056847	-39.2982697029	39.3492647612	88.6512313162
32091.8008673	-39.4121354739	39.4570554838	88.5090047869
32479.1147738	-39.4958463839	39.5440211146	88.2491345164
32871.1031472	-39.618927715	39.6700297234	88.6309624676
33267.8224035	-39.7264098533	39.7759296692	88.1699902692
33669.3296392	-39.893616383	39.936414952	88.0280379113
34075.6826402	-40.0586278198	40.1125960794	88.134413408
34486.9398899	-40.0977444109	40.150321413	88.6741122731
34903.1605771	-40.2562270006	40.3092807056	88.8398337853
35324.4046054	-40.3217334447	40.3734920961	87.8304835267
35750.7326011	-40.3786183033	40.4261193407	88.628984351
36182.2059223	-40.5041985271	40.5585966769	88.5215367078
36618.8866676	-40.5030725645	40.5562134392	88.3776282691
37060.8376851	-40.674978482	40.7295628662	89.3718962299
37508.1225814	-40.8899289808	40.9368732243	88.1893719238
37960.8057307	-40.9539318586	41.0091142044	88.3248763926
38418.9522841	-40.985289747	41.0418642445	88.423025707
38882.6281792	-41.0638017383	41.1198027535	88.8462005616
39351.9001493	-41.1133624397	41.1703083199	88.6695172664
39826.8357329	-41.2694205297	41.3282592492	88.8714337295
40307.5032839	-41.4627015263	41.5071580065	88.7131699201
40793.9719811	-41.5351825396	41.5936471036	88.6526202561
41286.3118381	-41.4996371748	41.5603513937	87.8020407391
41784.5937136	-41.6668611256	41.7290371247	88.363397252
42288.8893213	-41.87887996	41.9385349293	88.6147944561
42799.2712408	-42.0342589343	42.0844138478	88.6437102497
43315.8129272	-42.1491009702	42.2099654084	88.2394505961
43838.5887224	-42.2147214941	42.2768439094	87.5992308151
44367.6738654	-42.2524057577	42.3146516971	88.2241273582
44903.1445035	-42.3032956883	42.3622258978	88.0580402262
45445.0777027	-42.4373357572	42.4969769187	88.9959157336
45993.5514592	-42.5704092674	42.6346140777	88.2357776825
46548.6447107	-42.7129359288	42.776525963	88.3764089212
47110.4373474	-42.7627371436	42.8269786251	88.091663349
47679.0102237	-42.8848457141	42.9383208401	88.6532167283
48254.44517	-42.9944774024	43.0609276674	88.4737478193
48836.8250041	-43.1040968156	43.1692201708	88.5767229398
49426.2335434	-43.0805817844	43.146348537	88.9336243751
50022.7556169	-43.2496286264	43.3123949176	88.3486016407
50626.4770775	-43.4650792034	43.5244777516	88.4062274844
51237.484814	-43.414847439	43.4829012137	88.1570481643
51855.8667641	-43.5364218937	43.6049778997	87.9021283888
52481.7119267	-43.6712493962	43.7409605461	88.3804280822
53115.1103748	-43.8612078867	43.9238206711	88.7512107142
53756.1532686	-43.9900258168	44.0559454369	88.6905679704
54404.9328683	-43.9838241392	44.0543247144	88.7238157013
55061.5425478	-44.0380565721	44.1090293079	88.6771205936
55726.0768078	-44.0644688443	44.1366849916	88.1934948252
56398.6312896	-44.2418495745	44.2986845494	88.0442071352
57079.3027887	-44.5584226469	44.6318169813	88.4953700959
57768.1892689	-44.5258003646	44.5983695358	87.9360679045
58465.3898763	-44.6361683653	44.7102326748	88.6320961441
59171.0049536	-44.4215535717	44.490977874	87.5204070095
59885.1360544	-44.7213759547	44.793382939	88.277632744
60607.8859581	-44.8711868167	44.9459315223	88.0109413577
61339.3586844	-44.941594289	45.0164852697	87.6645791664
62079.6595087	-45.0253782829	45.1002074619	88.540890243
62828.8949766	-45.1964396475	45.2679635073	89.1846054844
63587.1729198	-45.1017851537	45.1800792341	87.8102972676
64354.6024713	-45.2267229055	45.3031981293	88.3138366583
65131.2940813	-45.5252861165	45.6034523501	87.7325708546
65917.3595331	-45.7485328443	45.8256196466	89.0478297184
66712.9119588	-45.7291981456	45.8040514004	86.8327201819
67518.0658563	-45.6047475995	45.6789059815	88.6273989916
68332.937105	-45.679257453	45.7600092236	88.6533313167
69157.642983	-45.8688380932	45.9496062812	88.1437351967
69992.3021839	-45.9668454513	46.0523553714	89.0485620658
70837.0348337	-46.3281272458	46.4056384242	87.6033162866
71691.9625082	-46.2163712667	46.2955104789	88.3284610657
72557.2082506	-46.5443225327	46.6282421218	87.5792945774
73432.8965888	-46.3826610423	46.4684938851	89.7795615595
74319.1535539	-46.6488442837	46.7337262238	88.3677854809
75216.1066981	-46.6206419549	46.6920192653	89.388104787
76123.8851129	-46.8733309564	46.9605134604	88.7793673346
77042.6194476	-46.8963701625	46.9812870608	88.0228502761
77972.4419287	-47.0025462523	47.0891199562	88.4834498281
78913.4863783	-46.9358406984	47.0192107391	88.859270074
79865.8882335	-47.3758213826	47.4600185297	87.7827012682
80829.7845663	-47.4953469593	47.5839864617	87.7453039268
81805.3141027	-47.2325465582	47.3218277766	87.5611793211
82792.6172431	-47.3923485089	47.4797588871	88.3756611091
83791.8360824	-47.670289311	47.7555765434	90.0126651552
84803.1144304	-47.783144199	47.8746885286	89.3537707155
85826.5978325	-47.6032297231	47.694864105	86.9955195343
86862.4335909	-47.8552020993	47.9461903985	87.51905793
87910.7707852	-48.0249025756	48.1118882422	87.9302837217
88971.7602945	-47.9619181086	48.0554418399	90.2849697745
90045.5548189	-48.2036644293	48.2974690362	87.5569133288
91132.3089011	-48.0703808147	48.1589374985	86.9686702327
92232.1789494	-48.1461237489	48.2378866604	88.0710852142
93345.3232594	-48.3737023115	48.466951457	87.1857440195
94471.9020374	-48.4675465674	48.564591488	87.0098233344
95612.0774231	-48.5489816603	48.6293138854	88.3316903785
96766.0135132	-48.8717048289	48.9682991441	88.9787260417
97933.8763846	-48.9288124598	49.026434954	87.608071633
99115.8341189	-48.7951450017	48.8939132673	86.7405825955
100312.056826	-49.0973216304	49.1874745797	89.6099373949
101522.716669	-49.340662228	49.4379186413	88.4054024161
102747.987889	-49.4227255473	49.522770314	89.6799417797
103988.046829	-49.3203581395	49.4196559478	88.8319537458
105243.071962	-49.4475603392	49.5495149419	87.9902215996
106513.243913	-49.6424356345	49.7338258866	87.3654740474
107798.745489	-49.3794977425	49.4780396258	87.4063961912
109099.761702	-49.8394374905	49.9401684814	87.1675782948
110416.479797	-49.840491796	49.9423594764	86.2508504614
111749.089279	-49.8091344212	49.9094364877	87.4976048008
113097.78194	-50.1578882276	50.2499391767	87.0814539697
114462.751888	-50.4082576039	50.5098359592	88.355899801
115844.195571	-50.069203903	50.1713173034	88.0533578509
117242.31181	-50.1565801391	50.2594744346	83.6224742401
118657.301825	-50.3171690084	50.4125221047	88.2493254244
120089.369265	-50.6902643556	50.7919146471	88.7890987034
121538.720235	-50.7952728297	50.8977524186	85.6861461831
123005.563331	-50.7871166056	50.8904406376	87.8657905347
124490.109662	-50.9297019674	51.0306877514	88.4693849407
125992.57289	-51.0913979278	51.1933338456	85.8194792385
127513.16925	-51.218735523	51.3231819525	85.6686564614
129052.117591	-51.1729567823	51.2788333305	90.4733772077
130609.639402	-51.219697013	51.3191026308	89.7159914606
132185.958845	-51.4215660393	51.524664752	87.5165076562
133781.302787	-51.7486375694	51.8522806112	91.4799578509
135395.900834	-51.5014618266	51.6066701465	87.9194730527
137029.985362	-51.5115286085	51.6079863156	85.3772616812
138683.791552	-51.5790345634	51.6841513321	87.9211664947
140357.557425	-51.7989187229	51.905133154	89.7193029017
142051.523871	-51.7916169207	51.8978677392	86.801012138
143765.934691	-52.17344338	52.2692434063	88.310684745
145501.036626	-51.786847539	51.8894043571	86.9599896392
147257.079396	-52.3487506279	52.4509395593	90.7108386694
149034.315735	-52.3319278957	52.4274688713	84.4974839723
150833.001426	-52.6038854165	52.7083045098	88.2262423581
152653.395341	-52.8609681726	52.9626059002	84.5922615136
154495.759474	-53.0458250397	53.1482752517	86.0139324296
156360.358983	-52.5081955881	52.605755845	89.4661729873
158247.462225	-52.1984614583	52.301352307	86.4478464431
160157.340797	-53.254451057	53.3558341119	84.7812255797
162090.269571	-53.1298781733	53.222521536	88.8415638478
164046.52674	-53.1031892235	53.2042631984	86.582342729
166026.393853	-53.248673371	53.3487651535	86.5859661852
168030.155856	-53.582282818	53.6692847224	88.294514716
170058.101135	-53.4696351272	53.5694406384	92.5683503468
172110.521557	-53.6634704753	53.7625486851	85.7970505834
174187.712511	-53.5018377385	53.5907745578	88.1226720383
176289.97295	-53.4442897886	53.5435863553	88.4643773457
178417.605438	-53.871514892	53.9692672651	86.012958749
180570.916186	-53.9760030596	54.0681414856	84.3724811189
182750.215106	-54.4780778288	54.576036562	86.4577682934
184955.815845	-54.2733600845	54.3695432849	88.7725576362
187188.03584	-54.2226215605	54.3168803301	85.9582306278
189447.196356	-54.7596385418	54.8558755083	85.2136311503
191733.622537	-54.4217686357	54.5109305221	87.3704132193
194047.64345	-55.3007567073	55.3947587666	88.0575509598
196389.592135	-54.5459841016	54.6386270189	88.3846356707
198759.80565	-55.1231894328	55.2185306389	91.3187944802
201158.625121	-55.0670192953	55.1469785542	89.0717738592
203586.395791	-55.2386239749	55.3284651489	92.302521226
206043.467072	-55.3558357225	55.4462977221	86.0473186432
208530.192591	-54.7381537014	54.8277687755	92.3153182475
211046.930241	-55.2958557889	55.3825766217	92.5644865105
213594.042238	-55.6327552175	55.7053370665	84.2710080687
216171.895169	-55.1992887095	55.2861268229	87.1350184873
218780.860042	-56.2428349805	56.3283113671	85.4503287536
221421.312347	-56.8193304831	56.9072639657	90.5597439612
224093.632103	-55.2862477139	55.3672607926	83.1868056495
226798.203917	-56.2287825937	56.3066363491	87.8790563088
229535.417036	-55.94626426	56.0297166922	85.389601843
232305.665406	-56.6783297417	56.7595634357	86.5143109299
235109.347728	-56.3015342268	56.3831619106	82.6596434577
237946.867514	-56.0882346988	56.1515950104	90.450478677
240818.633146	-56.0087652866	56.0866916906	89.897351908
243725.057935	-57.1237573432	57.2001754913	87.9048456275
246666.56018	-56.3340909207	56.4086698535	86.0326189942
249643.563229	-56.6094477829	56.6755493158	86.177378454
252656.495538	-56.9926530417	57.0654566978	82.9044966015
255705.790736	-55.8303004585	55.9018277622	91.8067501438
258791.887685	-57.4970742806	57.5691403179	88.5549470514
261915.230541	-57.273869143	57.3331669237	88.3836454605
265076.268824	-57.2337783927	57.3020648689	86.8077607819
268275.457478	-57.4304801863	57.4985810049	88.2176353354
271513.256935	-57.7617085462	57.8295229601	89.6045962304
274790.133189	-58.7128252217	58.7643746793	88.0876707389
278106.557855	-57.755841954	57.8206319732	88.8189307731
281463.008239	-58.7511870037	58.8132012565	88.9098431744
284859.967409	-56.9707174545	57.0336522719	94.0408663681
288297.924264	-59.1524842495	59.2097156413	79.1852070872
291777.373602	-57.9614928025	58.020530081	78.861885081
295298.816193	-57.9757815396	58.0345486505	83.5352146042
298862.758852	-58.1158637704	58.1610784395	86.8545994292
302469.714507	-57.67497616	57.7326343576	84.6447252355
306120.202282	-58.4813546796	58.536294912	79.1808451769
309814.747561	-57.8406403932	57.8909336118	93.1204402472
313553.882073	-59.1674004207	59.2183749258	82.448694977
317338.143962	-59.1037417434	59.1547666295	81.868698633
321168.077867	-59.1514452206	59.2012398812	86.4594403914
325044.235001	-58.993327536	59.0371102689	87.4549017605
328967.173229	-58.9297598928	58.9743696553	85.2570888744
332937.45715	-60.6179913268	60.664759192	86.4027440724
336955.658175	-58.8889686476	58.9286905948	87.3898875771
341022.354614	-59.5434801359	59.5856183259	88.6207841704
345138.131753	-59.6256851469	59.6661128438	82.6896008734
349303.581945	-59.3223940103	59.3580362716	85.4338733038
353519.304691	-59.8853977492	59.9225097501	87.1890525858
357785.906727	-60.8010716117	60.8361864076	90.5316282088
362104.002112	-60.6545183144	60.6870207592	88.4241117598
366474.212316	-59.0536681739	59.0876693315	82.4487757607
370897.16631	-60.2428546749	60.2716154376	89.2143970956
375373.500654	-60.4119676924	60.4421193385	91.0486584027
379903.859593	-60.3300074421	60.3601112006	84.3164706218
384488.895147	-60.130597603	60.1434367601	93.3819096913
389129.267203	-61.0026361402	61.0296066631	89.7151908309
393825.643615	-60.4551518756	60.4798418338	87.6133801356
398578.700296	-60.2496847282	60.2717626204	83.806113069
403389.121316	-61.6675479493	61.6874916366	90.9623312958
408257.599002	-61.3255664949	61.3378776943	94.3032395981
413184.834035	-61.2989059849	61.3182160613	87.6353705489
418171.535556	-60.5913917389	60.6080931677	94.9913557156
423218.42126	-61.2386949083	61.2543003054	81.2141665142
428326.217507	-61.2462435271	61.2613103429	85.7120632915
433495.659423	-61.6928729008	61.6929707396	91.0539832705
438727.491005	-62.6858086217	62.6971480372	77.3621228908
444022.46523	-62.0226633064	62.0301009855	80.1443543146
449381.344163	-62.0934721672	62.1015049064	84.3066372149
454804.899065	-61.3589731646	61.3659470656	85.2936991435
460293.910507	-63.0474396501	63.0526107733	84.4067787675
465849.168479	-62.2253276755	62.2269960096	85.0177540609
471471.472507	-61.780460024	61.7805682902	89.2731851638
477161.631766	-63.3178850269	63.3183242466	90.1028072105
482920.465195	-61.7650301297	61.7554956661	84.9582556043
488748.801618	-62.2312803124	62.2298736594	90.7324881137
494647.479864	-62.4807388878	62.4645270972	85.1697609109
500617.348884	-62.607611158	62.6022949622	82.6394795014
506659.267873	-63.3374680568	63.3162954948	82.3533031822
512774.106398	-63.2001791288	63.1954464337	83.8241225419
518962.744522	-63.6231832567	63.6020647596	78.9781223592
525226.072926	-64.1185837949	64.1078347859	80.3465636975
531564.993043	-63.5195002326	63.4964560729	85.4485246303
537980.417184	-63.9968072137	63.9832918807	82.6078572451
544473.268671	-62.7988552474	62.7798568658	94.4257819858
551044.481971	-63.7643244071	63.7473474372	83.060005048
557695.002827	-63.9096385473	63.8917603862	79.2081249392
564425.788396	-64.3316249804	64.3130717931	89.5371695822
571237.80739	-64.1366035465	64.117273599	88.1854036154
578132.040207	-63.9982323297	63.9729806996	75.4884397887
585109.479083	-64.0430847377	64.0184680022	85.4199292221
592171.128225	-65.2350633971	65.1953313273	90.9477912068
599318.003963	-64.3308844529	64.3058140125	85.3773057356
606551.13489	-63.5802876393	63.5528180978	87.5016099216
613871.562014	-64.4268415081	64.3967652978	88.3032039047
621280.338909	-65.0246705389	64.9924414032	79.7160761391
628778.531861	-64.3549285986	64.3092227686	81.3546831939
636367.220028	-64.8613597102	64.8272762471	88.5610879748
644047.495591	-64.1345309127	64.0996980831	87.2732199685
651820.463911	-64.3137722979	64.2731265513	80.9410738269
659687.243692	-64.7728846913	64.7348801149	86.6618668321
667648.967139	-64.3862188427	64.3459743017	85.3382263083
675706.780121	-65.8101319251	65.7654227473	81.3082463053
683861.842336	-64.7833084389	64.7417805446	89.0237392878
692115.327478	-66.1568035974	66.1120087114	84.5701667469
700468.423409	-65.5460931453	65.4970523766	92.4700896951
708922.332324	-65.6981611377	65.6511036194	84.2678158325
717478.270929	-66.8331824419	66.7846305161	78.7214624583
726137.470613	-65.5204073393	65.4562680257	87.2754301084
734901.177629	-66.3030200587	66.252861141	84.4370658444
743770.653267	-67.1806617364	67.1283853872	80.8004984551
752747.174044	-66.3272412119	66.2712745844	81.9332516904
761832.03188	-65.334445909	65.2747117735	81.7940049227
771026.534289	-68.3836795906	68.3273630545	81.0208912985
780332.004563	-66.5421085912	66.4837243384	88.684611764
789749.781966	-66.4649137912	66.4055564905	91.6251193123
799281.221928	-66.7491779602	66.6755784254	79.6973372397
808927.696232	-68.1900111191	68.1273383608	80.1229598809
818690.593222	-66.9983548074	66.9342533012	89.1370622327
828571.317997	-67.2206694515	67.1568678921	82.5395018046
838571.29261	-68.4093740353	68.3413302641	82.0559256224
848691.956283	-67.7791960066	67.6984749337	79.1974107101
858934.765602	-68.897820006	68.8246892249	80.6891347914
869301.194737	-68.6007869381	68.5291314063	84.9946856403
879792.735646	-67.7002356799	67.6270557015	80.535045818
890410.898297	-67.4991635064	67.4247084727	79.2486387329
901157.210878	-68.6601122279	68.585413506	85.5789023155
912033.220023	-68.3588385037	68.2814753951	73.1930772382
923040.491031	-68.3047472098	68.2224573876	74.5423785025
934180.608095	-68.5087616348	68.4162628941	92.4022950105
945455.174523	-69.3105286593	69.2190056674	84.6979165012
956865.812978	-67.8953941292	67.8069103032	81.2795515863
968414.165704	-69.1191478988	69.0308763477	89.0634009751
980101.894765	-68.4851082305	68.3979636261	77.6948540592
991930.682286	-68.0383027868	67.9510276773	85.0868313136
1003902.23069	-69.2688634898	69.1798038169	83.3601300453
1016018.26296	-68.8000066196	68.7079144433	82.0978370709
1028280.52284	-68.6175087655	68.5226967044	94.8358332323
1040690.77517	-69.6024952514	69.5079154732	76.9481482325
1053250.80604	-68.1655526542	68.0672075158	78.0632738453
1065962.42312	-70.8822072496	70.7826635671	86.0553638991
1078827.45591	-69.2367845678	69.1327556112	83.0162378939
1091847.75596	-70.3831108329	70.2710177483	86.3510875811
1105025.19718	-70.4382201482	70.3210033816	89.642446764
1118361.6761	-70.3650679958	70.2546496171	84.7211350733
1131859.11214	-69.2199336499	69.1103805869	73.7952666608
1145519.44788	-70.7307758241	70.6206260409	85.1168241759
1159344.64935	-70.4533483514	70.3415335468	67.7986741087
1173336.70629	-70.8877795554	70.773054043	86.3010225901
1187497.63248	-70.8257215035	70.7084273629	78.0034386067
1201829.46599	-69.7742599551	69.6461297497	84.0583024172
1216334.26948	-71.9772805074	71.8547173603	72.4256275262
1231014.13053	-70.7610847692	70.6382670347	71.8222865085
1245871.16189	-70.4245304929	70.2987083106	74.9623744221
1260907.50182	-70.0285187349	69.9009628885	78.66284374
1276125.31438	-71.6134305474	71.473469941	77.2613404323
1291526.78975	-71.2227439207	71.0921917088	77.6704026813
1307114.14455	-71.6105037422	71.4760890281	80.9708182974
1322889.62214	-72.1840196601	72.0448721275	79.0490491084
1338855.49297	-71.6621656205	71.5226493135	75.146108806
1355014.05489	-71.8562210407	71.7135083611	75.5181949647
1371367.63346	-70.4662344658	70.3208121323	76.4354852923
1387918.58233	-71.5755051465	71.4294412722	82.0679639629
1404669.28355	-73.003597552	72.8547743071	79.5893476132
1421622.14792	-74.1018847105	73.9403441693	74.5241648699
1438779.61534	-71.2907749089	71.1378560264	77.6175925692
1456144.15514	-73.384572899	73.2267224292	71.892142018
1473718.26647	-71.3001613941	71.1401263829	84.6663478533
1491504.47863	-73.5623068495	73.4007359159	70.5440504821
1509505.35145	-74.2432351476	74.0762079962	81.3797225486
1527723.47567	-73.7824588207	73.6149964215	77.4595235014
1546161.47327	-72.8819843139	72.7100141241	63.7928478334
1564821.9979	-74.53163984	74.3576623702	93.0734923081
1583707.73521	-72.5684446449	72.3908308735	78.1942426782
1602821.40328	-74.823609978	74.6425925409	75.6321226667
1622165.753	-74.4999506699	74.3168644496	84.5050280488
